lucc_shape/img/ascii_files/elevation.txt
ncols         303
nrows         392
xllcorner     182592.33643186
yllcorner     3271602.003708
cellsize      200
NODATA_value  -9999
[rows 81 to 107 of 392, columns 61 to 121 of 303]
-9999 -9999 0.362069 0.3655172 0.3655172 0.3666667 0.3632184 0.3678161 0.3666667 0.3712644 0.3689655 0.3666667 0.3666667 0.370115 0.3724138 0.3724138 0.3747126 0.3758621 0.3781609 0.3781609 0.3770115 0.3816092 0.3827586 0.3804598 0.3873563 0.3862069 0.3862069 0.3885058 0.3908046 0.3931035 0.3965517 0.3954023 0.3942529 0.3954023 0.4 0.4022988 0.3988506 0.4022988 0.4057471 0.4045977 0.4091954 0.4114943 0.4137931 0.4126437 0.4160919 0.4183908 0.4206896 0.4287356 0.4287356 0.4333333 0.4367816 0.4402299 0.445977 0.445977 0.4471264 0.454023 0.4563218 0.4655173 0.4689655 0.4747126 0.4712644
-9999 0.354023 0.3597701 0.3597701 0.362069 0.3655172 0.3643678 0.3666667 0.3655172 0.3666667 0.3666667 0.3643678 0.3689655 0.3712644 0.3735632 0.3724138 0.3781609 0.3758621 0.3781609 0.3770115 0.3747126 0.3781609 0.3793103 0.3827586 0.383908 0.383908 0.3862069 0.3862069 0.3885058 0.3908046 0.3942529 0.3931035 0.391954 0.3942529 0.3965517 0.3977011 0.4 0.3988506 0.3988506 0.4 0.4034483 0.4068966 0.4068966 0.4114943 0.4103448 0.4183908 0.4195402 0.4252874 0.4275862 0.4321839 0.4356322 0.4356322 0.4402299 0.4436782 0.4494253 0.4471264 0.4586207 0.462069 0.4655173 0.4712644 0.4747126
-9999 0.3563218 0.3574713 0.362069 0.3609195 0.3643678 0.3666667 0.3666667 0.3689655 0.3632184 0.3643678 0.3655172 0.3643678 0.3724138 0.3689655 0.3724138 0.3770115 0.3747126 0.3735632 0.3770115 0.3747126 0.3781609 0.3793103 0.3793103 0.383908 0.383908 0.3862069 0.3850575 0.3862069 0.3873563 0.391954 0.3931035 0.3908046 0.3942529 0.3965517 0.3954023 0.3965517 0.3988506 0.4 0.4011494 0.3988506 0.4068966 0.4057471 0.4068966 0.4103448 0.4218391 0.4172414 0.4218391 0.4264368 0.4310345 0.4333333 0.4344828 0.4367816 0.4367816 0.4367816 0.4517241 0.4586207 0.4643678 0.4701149 0.4747126 0.4735632
0.354023 0.3574713 0.3586207 0.3551724 0.3597701 0.3609195 0.3632184 0.3643678 0.3655172 0.3643678 0.3609195 0.362069 0.3655172 0.3689655 0.3689655 0.3712644 0.3735632 0.3712644 0.3735632 0.3724138 0.3724138 0.3747126 0.3770115 0.3781609 0.3816092 0.383908 0.3827586 0.3850575 0.3896552 0.3896552 0.3885058 0.3885058 0.3850575 0.3896552 0.3908046 0.391954 0.3954023 0.3977011 0.3977011 0.3965517 0.4022988 0.4022988 0.4034483 0.4068966 0.4126437 0.4218391 0.4172414 0.4206896 0.4287356 0.4321839 0.4344828 0.4344828 0.437931 0.4298851 0.4413793 0.4517241 0.4586207 0.4632184 0.4689655 0.4758621 0.4758621
0.3505747 0.3551724 0.3574713 0.3551724 0.3574713 0.362069 0.3597701 0.3609195 0.3655172 0.362069 0.362069 0.3609195 0.3666667 0.3689655 0.3666667 0.370115 0.3747126 0.3689655 0.370115 0.3712644 0.3724138 0.3724138 0.3770115 0.3724138 0.3816092 0.3793103 0.383908 0.3850575 0.3885058 0.3896552 0.3965517 0.3862069 0.3862069 0.3885058 0.3931035 0.3908046 0.391954 0.3908046 0.3954023 0.4011494 0.4011494 0.3965517 0.4011494 0.4011494 0.4034483 0.408046 0.4137931 0.4183908 0.4264368 0.4287356 0.4275862 0.4321839 0.4264368 0.4321839 0.4413793 0.4482759 0.4528736 0.4517241 0.462069 0.462069 0.4643678
0.3517241 0.3563218 0.3551724 0.3551724 0.3563218 0.3551724 0.3597701 0.3574713 0.3609195 0.3586207 0.3586207 0.3597701 0.3609195 0.3655172 0.3643678 0.3678161 0.3643678 0.3689655 0.3712644 0.3712644 0.3724138 0.3735632 0.3735632 0.3758621 0.3804598 0.3770115 0.3793103 0.383908 0.3885058 0.3896552 0.3816092 0.3804598 0.383908 0.3850575 0.3896552 0.3908046 0.3896552 0.3908046 0.3931035 0.3954023 0.3977011 0.3954023 0.4011494 0.3988506 0.4022988 0.408046 0.4149425 0.4183908 0.4252874 0.4229885 0.4229885 0.4229885 0.4264368 0.4321839 0.4390804 0.445977 0.4494253 0.4448276 0.4551724 0.4586207 0.4632184
0.3563218 0.3551724 0.3505747 0.3563218 0.3586207 0.3551724 0.3586207 0.3597701 0.3597701 0.3574713 0.362069 0.362069 0.3586207 0.3655172 0.3632184 0.3632184 0.3666667 0.3666667 0.3678161 0.3712644 0.3712644 0.3712644 0.3781609 0.3770115 0.3758621 0.3793103 0.3804598 0.3827586 0.3885058 0.3827586 0.383908 0.3816092 0.3827586 0.3816092 0.3850575 0.3850575 0.3896552 0.3942529 0.3931035 0.3931035 0.3908046 0.3931035 0.3965517 0.3988506 0.4 0.4034483 0.408046 0.4091954 0.4206896 0.4172414 0.4218391 0.4218391 0.4241379 0.4287356 0.4321839 0.4425287 0.4482759 0.4517241 0.4574713 0.4586207 0.4632184
0.354023 0.3551724 0.3563218 0.354023 0.3586207 0.3551724 0.354023 0.3563218 0.3574713 0.3586207 0.3655172 0.3586207 0.3586207 0.3643678 0.3632184 0.3655172 0.3655172 0.3678161 0.3689655 0.3735632 0.3758621 0.3724138 0.3770115 0.3770115 0.3770115 0.3804598 0.3758621 0.3816092 0.3873563 0.3827586 0.3827586 0.3816092 0.3804598 0.3827586 0.3850575 0.3862069 0.3896552 0.3896552 0.3885058 0.3908046 0.3931035 0.3908046 0.3942529 0.3954023 0.3988506 0.4011494 0.4045977 0.4114943 0.4183908 0.4172414 0.4172414 0.4229885 0.4298851 0.4310345 0.4356322 0.4482759 0.4494253 0.454023 0.4574713 0.4563218 0.4597701
0.354023 0.3551724 0.3517241 0.3551724 0.3528736 0.3528736 0.354023 0.3563218 0.354023 0.3597701 0.3609195 0.3586207 0.3586207 0.3632184 0.3632184 0.3666667 0.3655172 0.3689655 0.370115 0.3712644 0.3689655 0.3896552 0.3724138 0.3724138 0.3793103 0.3747126 0.383908 0.3885058 0.3873563 0.383908 0.3724138 0.3816092 0.3781609 0.3850575 0.3827586 0.3850575 0.3850575 0.391954 0.3873563 0.3885058 0.3885058 0.3908046 0.391954 0.3942529 0.391954 0.3977011 0.4103448 0.4091954 0.4057471 0.4103448 0.4149425 0.4252874 0.4310345 0.4310345 0.437931 0.437931 0.4482759 0.4505747 0.4482759 0.4528736 0.454023
0.3505747 0.3528736 0.3574713 0.3517241 0.354023 0.354023 0.3505747 0.3563218 0.354023 0.3574713 0.3586207 0.3609195 0.3586207 0.3632184 0.3666667 0.3655172 0.3666667 0.3678161 0.370115 0.370115 0.3689655 0.3896552 0.3724138 0.3758621 0.3770115 0.3747126 0.383908 0.3873563 0.3908046 0.3804598 0.3724138 0.3770115 0.3827586 0.3816092 0.3816092 0.3816092 0.3827586 0.3827586 0.3862069 0.3862069 0.3885058 0.3896552 0.3896552 0.3931035 0.3942529 0.3942529 0.3954023 0.3977011 0.4045977 0.4137931 0.4160919 0.4264368 0.4333333 0.4344828 0.4367816 0.4413793 0.4425287 0.4436782 0.445977 0.4482759 0.454023
0.3517241 0.3517241 0.3494253 0.3517241 0.3517241 0.354023 0.3517241 0.3528736 0.3528736 0.3563218 0.3563218 0.3597701 0.3586207 0.3632184 0.3666667 0.3655172 0.3712644 0.3793103 0.383908 0.3712644 0.3873563 0.3896552 0.3850575 0.3747126 0.3724138 0.3735632 0.3873563 0.391954 0.3885058 0.3804598 0.3735632 0.3781609 0.3770115 0.3758621 0.3735632 0.3758621 0.3793103 0.383908 0.3827586 0.3804598 0.3862069 0.3862069 0.3896552 0.3862069 0.391954 0.391954 0.4 0.3988506 0.4091954 0.4160919 0.4195402 0.4206896 0.4287356 0.4310345 0.4356322 0.4333333 0.4367816 0.437931 0.4494253 0.4482759 0.454023
0.3482759 0.3471264 0.3482759 0.3482759 0.3505747 0.3517241 0.3528736 0.3551724 0.354023 0.3689655 0.3724138 0.3655172 0.3678161 0.362069 0.3643678 0.3827586 0.3816092 0.3873563 0.3816092 0.3827586 0.3816092 0.383908 0.3735632 0.3712644 0.3781609 0.3885058 0.3908046 0.3908046 0.3885058 0.391954 0.370115 0.3781609 0.3747126 0.3781609 0.3770115 0.3758621 0.3793103 0.3781609 0.3827586 0.3781609 0.3804598 0.3804598 0.3862069 0.3873563 0.3931035 0.3931035 0.3977011 0.3977011 0.408046 0.4160919 0.4183908 0.4229885 0.4264368 0.4241379 0.4310345 0.4310345 0.4344828 0.4367816 0.4448276 0.4471264 0.4528736
0.3471264 0.345977 0.3505747 0.3505747 0.3482759 0.3505747 0.354023 0.3574713 0.3712644 0.3793103 0.3816092 0.3850575 0.383908 0.383908 0.383908 0.3827586 0.3885058 0.3896552 0.3827586 0.3793103 0.3758621 0.383908 0.3689655 0.3781609 0.383908 0.383908 0.391954 0.3896552 0.3885058 0.3908046 0.3735632 0.3747126 0.370115 0.3747126 0.3724138 0.3758621 0.3747126 0.3793103 0.3793103 0.3793103 0.3804598 0.3804598 0.3850575 0.3885058 0.3873563 0.3908046 0.3977011 0.3988506 0.4022988 0.4137931 0.4149425 0.4126437 0.4183908 0.4183908 0.4252874 0.4287356 0.4333333 0.4367816 0.4425287 0.4436782 0.4494253
0.345977 0.345977 0.3471264 0.3517241 0.3505747 0.3563218 0.3609195 0.3712644 0.3781609 0.3781609 0.3816092 0.383908 0.3827586 0.3793103 0.3827586 0.3804598 0.3850575 0.3850575 0.3770115 0.3747126 0.3781609 0.3712644 0.370115 0.3770115 0.383908 0.3850575 0.391954 0.3862069 0.3862069 0.3873563 0.3747126 0.370115 0.3724138 0.3689655 0.3735632 0.3735632 0.3735632 0.3747126 0.3735632 0.3747126 0.3747126 0.3816092 0.383908 0.3873563 0.3873563 0.3908046 0.3942529 0.3965517 0.4022988 0.4034483 0.4045977 0.4091954 0.4160919 0.4149425 0.4206896 0.4252874 0.4252874 0.4287356 0.4390804 0.4471264 0.4494253
0.3471264 0.3471264 0.3517241 0.3574713 0.3678161 0.3689655 0.3724138 0.3758621 0.3758621 0.3758621 0.3781609 0.3793103 0.3781609 0.3758621 0.3793103 0.3804598 0.3816092 0.3827586 0.3770115 0.3770115 0.3885058 0.3678161 0.3781609 0.3804598 0.3770115 0.3816092 0.3862069 0.3804598 0.3850575 0.3850575 0.3724138 0.3643678 0.3712644 0.3712644 0.3712644 0.3712644 0.3735632 0.3735632 0.3689655 0.3747126 0.3793103 0.3758621 0.3816092 0.3850575 0.383908 0.3896552 0.3942529 0.3931035 0.4022988 0.4022988 0.4034483 0.408046 0.4126437 0.4137931 0.4206896 0.4218391 0.4252874 0.4275862 0.4390804 0.4390804 0.4390804
0.3471264 0.3471264 0.3517241 0.3574713 0.3678161 0.3712644 0.3712644 0.3678161 0.3712644 0.3781609 0.3781609 0.3747126 0.3747126 0.3781609 0.3724138 0.3804598 0.3770115 0.3816092 0.3735632 0.3850575 0.3873563 0.362069 0.3632184 0.3666667 0.3724138 0.3781609 0.3827586 0.3873563 0.3896552 0.3873563 0.3747126 0.3712644 0.3643678 0.3632184 0.3712644 0.370115 0.3747126 0.3712644 0.3712644 0.3747126 0.3747126 0.3724138 0.3770115 0.3816092 0.3862069 0.3850575 0.3862069 0.391954 0.3954023 0.3988506 0.4022988 0.408046 0.4091954 0.4091954 0.4206896 0.4218391 0.4229885 0.4241379 0.4252874 0.4298851 0.4333333
0.370115 0.3689655 0.370115 0.362069 0.3712644 0.3712644 0.370115 0.3655172 0.3758621 0.3770115 0.3724138 0.3712644 0.3712644 0.3735632 0.3735632 0.3770115 0.3770115 0.3793103 0.3712644 0.383908 0.3816092 0.362069 0.3724138 0.3666667 0.3724138 0.3781609 0.3827586 0.3873563 0.3908046 0.3873563 0.3735632 0.370115 0.3655172 0.3632184 0.3655172 0.3666667 0.3689655 0.3678161 0.3712644 0.3712644 0.3747126 0.3770115 0.3770115 0.3816092 0.383908 0.383908 0.3850575 0.3850575 0.3908046 0.3988506 0.4011494 0.4011494 0.4045977 0.4091954 0.4137931 0.4172414 0.4172414 0.4206896 0.4241379 0.4264368 0.4287356
0.3689655 0.3655172 0.370115 0.3678161 0.3678161 0.3678161 0.3643678 0.3632184 0.3689655 0.370115 0.3724138 0.370115 0.3712644 0.370115 0.3770115 0.3758621 0.3712644 0.3735632 0.3735632 0.362069 0.3597701 0.3735632 0.3781609 0.3770115 0.3804598 0.3827586 0.3816092 0.3850575 0.3896552 0.3862069 0.3712644 0.3689655 0.3655172 0.362069 0.362069 0.3666667 0.3666667 0.362069 0.3678161 0.3666667 0.3666667 0.3758621 0.3781609 0.3804598 0.3816092 0.3827586 0.3827586 0.3827586 0.3885058 0.3977011 0.3965517 0.4022988 0.4068966 0.4068966 0.4114943 0.4149425 0.4126437 0.4172414 0.4252874 0.4229885 0.4275862
0.3655172 0.3632184 0.3655172 0.3678161 0.362069 0.3632184 0.3586207 0.3655172 0.3666667 0.3666667 0.3666667 0.3678161 0.3655172 0.3712644 0.3770115 0.3735632 0.3724138 0.3689655 0.3793103 0.3597701 0.3632184 0.3770115 0.3793103 0.3827586 0.3816092 0.3862069 0.3873563 0.3873563 0.3885058 0.3885058 0.3781609 0.3643678 0.3643678 0.362069 0.3632184 0.3609195 0.3632184 0.3632184 0.3632184 0.3655172 0.3678161 0.3689655 0.3735632 0.3747126 0.3758621 0.3747126 0.3827586 0.3816092 0.3873563 0.383908 0.391954 0.4 0.4045977 0.4068966 0.4068966 0.4091954 0.4103448 0.4137931 0.4195402 0.4206896 0.4206896
0.3632184 0.3609195 0.3643678 0.362069 0.362069 0.3643678 0.3574713 0.3563218 0.3712644 0.362069 0.3632184 0.362069 0.3689655 0.3735632 0.3735632 0.3724138 0.3643678 0.3689655 0.3643678 0.3597701 0.3666667 0.3770115 0.3781609 0.383908 0.3850575 0.3862069 0.3827586 0.3793103 0.383908 0.3862069 0.3781609 0.3643678 0.3643678 0.3586207 0.3574713 0.3574713 0.3609195 0.3609195 0.3643678 0.3632184 0.3678161 0.3689655 0.3735632 0.3770115 0.3735632 0.3735632 0.3793103 0.3816092 0.3862069 0.3862069 0.3896552 0.3977011 0.4 0.4 0.4057471 0.4103448 0.4103448 0.4114943 0.4195402 0.4195402 0.4229885
0.3609195 0.3609195 0.3666667 0.3574713 0.354023 0.3563218 0.3586207 0.3632184 0.362069 0.362069 0.3551724 0.3666667 0.3747126 0.370115 0.3666667 0.3724138 0.3655172 0.3609195 0.3574713 0.3655172 0.3712644 0.3770115 0.3816092 0.383908 0.3816092 0.3804598 0.3804598 0.3770115 0.3804598 0.3816092 0.3712644 0.3632184 0.362069 0.3609195 0.3563218 0.3563218 0.362069 0.3609195 0.3632184 0.3609195 0.362069 0.3724138 0.3735632 0.3735632 0.3724138 0.3724138 0.3770115 0.3804598 0.3827586 0.3862069 0.3896552 0.3908046 0.3954023 0.3977011 0.4022988 0.4068966 0.4137931 0.4137931 0.4160919 0.4183908 0.4229885
0.3563218 0.3551724 0.3609195 0.3517241 0.3494253 0.3517241 0.3597701 0.362069 0.354023 0.3574713 0.3643678 0.3712644 0.3735632 0.3712644 0.3632184 0.370115 0.3689655 0.3551724 0.3574713 0.3758621 0.3747126 0.3747126 0.3781609 0.3747126 0.3770115 0.3758621 0.3781609 0.3781609 0.3816092 0.383908 0.370115 0.362069 0.3586207 0.3551724 0.3574713 0.3551724 0.3574713 0.3574713 0.3609195 0.3574713 0.3586207 0.3678161 0.3655172 0.3655172 0.370115 0.3712644 0.3747126 0.3747126 0.3816092 0.3827586 0.3827586 0.3885058 0.3942529 0.3965517 0.3988506 0.4011494 0.4068966 0.4103448 0.4114943 0.4137931 0.4172414
0.3563218 0.3563218 0.3574713 0.3482759 0.3482759 0.3551724 0.3586207 0.3574713 0.3528736 0.3609195 0.3655172 0.3689655 0.3689655 0.3712644 0.3666667 0.3666667 0.3551724 0.3551724 0.3597701 0.3793103 0.3747126 0.3735632 0.3747126 0.3712644 0.3793103 0.3747126 0.3735632 0.3758621 0.3862069 0.3804598 0.3758621 0.3609195 0.3609195 0.354023 0.3597701 0.3528736 0.3609195 0.3597701 0.3597701 0.3586207 0.3574713 0.3655172 0.3666667 0.362069 0.3678161 0.3678161 0.3735632 0.3712644 0.3747126 0.3747126 0.3793103 0.3827586 0.3885058 0.391954 0.3954023 0.4022988 0.4045977 0.4057471 0.408046 0.4091954 0.4137931
0.3609195 0.3482759 0.354023 0.3482759 0.3482759 0.3574713 0.3586207 0.3563218 0.3528736 0.3609195 0.3655172 0.3643678 0.3689655 0.3678161 0.3586207 0.3574713 0.3551724 0.3563218 0.3597701 0.370115 0.3724138 0.3770115 0.3758621 0.3747126 0.3793103 0.3747126 0.3735632 0.3804598 0.3827586 0.3804598 0.3781609 0.3632184 0.3643678 0.3528736 0.354023 0.3528736 0.3597701 0.3597701 0.3609195 0.3586207 0.3551724 0.3574713 0.3574713 0.362069 0.362069 0.3632184 0.3735632 0.3724138 0.3724138 0.3747126 0.3793103 0.3758621 0.383908 0.3850575 0.3931035 0.3954023 0.4034483 0.4045977 0.4057471 0.4057471 0.408046
0.3586207 0.3528736 0.3482759 0.3413793 0.3471264 0.3586207 0.3494253 0.3482759 0.3574713 0.3678161 0.3678161 0.3632184 0.3666667 0.3655172 0.3563218 0.3551724 0.3528736 0.354023 0.3678161 0.3632184 0.3689655 0.3804598 0.3781609 0.3735632 0.3758621 0.3781609 0.370115 0.3770115 0.3781609 0.3735632 0.3781609 0.3689655 0.362069 0.3517241 0.3517241 0.3517241 0.3586207 0.3632184 0.3574713 0.354023 0.354023 0.3528736 0.3551724 0.3586207 0.3609195 0.3632184 0.3735632 0.3724138 0.3724138 0.3770115 0.3793103 0.3758621 0.383908 0.3850575 0.383908 0.3954023 0.4022988 0.4011494 0.4022988 0.4022988 0.4068966
0.3586207 0.3517241 0.3517241 0.3448276 0.354023 0.3528736 0.345977 0.3586207 0.3678161 0.3655172 0.3655172 0.3609195 0.362069 0.3643678 0.3517241 0.3505747 0.3528736 0.3528736 0.3597701 0.3666667 0.3735632 0.3781609 0.3770115 0.370115 0.3735632 0.3793103 0.3632184 0.3758621 0.3781609 0.370115 0.3747126 0.3735632 0.3678161 0.3528736 0.354023 0.3517241 0.3551724 0.3586207 0.3551724 0.354023 0.3517241 0.3505747 0.3551724 0.3563218 0.3597701 0.3643678 0.3643678 0.3666667 0.3724138 0.3735632 0.3770115 0.3793103 0.3804598 0.3804598 0.383908 0.3908046 0.3954023 0.3965517 0.3977011 0.3988506 0.408046
0.3551724 0.3551724 0.3482759 0.345977 0.3482759 0.3436781 0.3528736 0.3586207 0.3632184 0.3643678 0.3597701 0.362069 0.3528736 0.3643678 0.3551724 0.3517241 0.3563218 0.3632184 0.3655172 0.3678161 0.3747126 0.3724138 0.3735632 0.370115 0.3770115 0.3781609 0.3643678 0.3735632 0.3712644 0.3758621 0.3770115 0.3735632 0.370115 0.3517241 0.354023 0.345977 0.3517241 0.3574713 0.3609195 0.3528736 0.3517241 0.3528736 0.3528736 0.354023 0.3609195 0.362069 0.3632184 0.3643678 0.3689655 0.3712644 0.3712644 0.3758621 0.3747126 0.3793103 0.3816092 0.3816092 0.3954023 0.3954023 0.3931035 0.4 0.4057471
