lucc_shape/img/ascii_files/elevation.txt
ncols         303
nrows         392
xllcorner     182592.33643186
yllcorner     3271602.003708
cellsize      200
NODATA_value  -9999
[rows 189 to 215 of 392, columns 122 to 182 of 303]
0.3004549 0.3021706 0.3024043 0.300812 0.3018928 0.2988506 0.3045977 0.3022988 0.3034483 0.3011494 0.3045977 0.3034483 0.3022988 0.3045977 0.3045977 0.3022988 0.3057471 0.3068965 0.3011494 0.3034483 0.303326 0.3024123 0.2998508 0.2989533 0.2977587 0.2989691 0.3000514 0.3011689 0.3033237 0.3047228 0.3034537 0.3068965 0.3045977 0.3057471 0.3091954 0.3114943 0.3149425 0.3126437 0.3068965 0.3126437 0.3126437 0.3114943 0.3114943 0.3091954 0.3126437 0.3114943 0.3114943 0.3137931 0.3137931 0.3149425 0.3137931 0.3172414 0.3149425 0.3149425 0.3183908 0.316092 0.3183908 0.3195402 0.3241379 0.3195402 0.3195402
0.3018609 0.3021157 0.3023765 0.301929 0.303712 0.3 0.3045977 0.3011494 0.3034483 0.3011494 0.3022988 0.3011494 0.3011494 0.3034483 0.3022988 0.3034483 0.308046 0.3068965 0.3011494 0.3020794 0.3031211 0.3035389 0.2998508 0.2996449 0.2973927 0.2990679 0.2999859 0.3009641 0.3023052 0.3026204 0.3034698 0.3041677 0.3114943 0.3103448 0.3091954 0.3103448 0.3068965 0.3045977 0.3114943 0.3114943 0.3137931 0.3103448 0.3103448 0.3103448 0.3149425 0.3126437 0.3114943 0.3126437 0.3126437 0.3137931 0.3149425 0.3137931 0.3137931 0.3103448 0.316092 0.3149425 0.3183908 0.3183908 0.3183908 0.3172414 0.3195402
0.3006427 0.3019142 0.3009968 0.3010403 0.3007497 0.3039271 0.3022332 0.2988506 0.3 0.2988506 0.3034483 0.3011494 0.3022988 0.3007612 0.3008715 0.3001762 0.2999081 0.2998478 0.2998787 0.3019108 0.3020723 0.3021484 0.2998813 0.29871 0.2978192 0.2988931 0.2985069 0.2996656 0.3010967 0.3022731 0.3038935 0.3029029 0.3070108 0.308046 0.3103448 0.3114943 0.3114943 0.3114943 0.3137931 0.3114943 0.3103448 0.3091954 0.3091954 0.3091954 0.3114943 0.3126437 0.3126437 0.3114943 0.3114943 0.3126437 0.3137931 0.3137931 0.3137931 0.3149425 0.3149425 0.3149425 0.316092 0.3172414 0.3195402 0.3149425 0.316092
0.2986504 0.3005688 0.2990707 0.3019917 0.3010921 0.3023915 0.3014736 0.3005449 0.3008775 0.3007081 0.3012808 0.300906 0.2996689 0.2993191 0.3002571 0.3002274 0.2992043 0.2991739 0.2991124 0.3008227 0.3002957 0.3010494 0.2983601 0.2979084 0.2966174 0.2976603 0.2989863 0.2988209 0.3010904 0.3035513 0.3019738 0.3028356 0.305695 0.3057471 0.3068965 0.3091954 0.3091954 0.3091954 0.3068965 0.308046 0.308046 0.3091954 0.3091954 0.3091954 0.3114943 0.3103448 0.3114943 0.3103448 0.3126437 0.3114943 0.3137931 0.3149425 0.3137931 0.3114943 0.3126437 0.3149425 0.3126437 0.3149425 0.3172414 0.3149425 0.3137931
0.298113 0.3001288 0.2986477 0.3030591 0.3011031 0.3024108 0.3006177 0.2999473 0.3006966 0.3000878 0.2982377 0.2999848 0.2972267 0.2990128 0.2977495 0.2988318 0.2988319 0.2989887 0.3006721 0.3006059 0.3005554 0.3004423 0.2997338 0.2973701 0.2957179 0.2963899 0.2967728 0.2994779 0.3012891 0.3021811 0.3049513 0.305359 0.3025365 0.3057788 0.3091954 0.3149425 0.3091954 0.3091954 0.3091954 0.308046 0.3126437 0.3103448 0.308046 0.3103448 0.3091954 0.3057471 0.3091954 0.3091954 0.3126437 0.3114943 0.3091954 0.308046 0.3103448 0.3126437 0.3137931 0.3149425 0.3114943 0.3149425 0.3149425 0.3137931 0.3137931
0.2915391 0.2971767 0.2975052 0.2999941 0.2999803 0.2999152 0.3002785 0.2985664 0.2999247 0.2998841 0.2980361 0.2995306 0.2983921 0.2980018 0.2967665 0.2958277 0.2967377 0.2976314 0.3003041 0.2997873 0.297973 0.3003201 0.2989416 0.2966002 0.2967939 0.2963145 0.2972836 0.2992124 0.3011102 0.3002774 0.3024373 0.3028243 0.3011606 0.3056897 0.3080155 0.3060199 0.308046 0.308046 0.308046 0.3126437 0.3103448 0.3091954 0.3091954 0.3114943 0.308046 0.3068965 0.3103448 0.308046 0.3068965 0.3126437 0.3114943 0.3126437 0.3126437 0.3103448 0.3126437 0.3126437 0.316092 0.3137931 0.3149425 0.3137931 0.3137931
0.2921351 0.2953308 0.2977933 0.2977398 0.2977252 0.2988131 0.2989829 0.2982261 0.2992591 0.2970237 0.2973434 0.2989808 0.2979456 0.2977669 0.2962502 0.2958057 0.2964576 0.2967464 0.2985233 0.2979871 0.2993336 0.2971858 0.2964697 0.2961731 0.2953849 0.2952744 0.2964681 0.297442 0.3003035 0.3002834 0.3005398 0.3008281 0.3013469 0.3041402 0.3046231 0.3036448 0.3047544 0.3057471 0.308046 0.3068965 0.3068965 0.3114943 0.308046 0.3103448 0.3091954 0.3103448 0.308046 0.3068965 0.3068965 0.3126437 0.3103448 0.3091954 0.3057471 0.3103448 0.3103448 0.3137931 0.3103448 0.3126437 0.3137931 0.3126437 0.3149425
0.2908441 0.2961587 0.2974728 0.2986036 0.2964432 0.2980933 0.2997902 0.296947 0.2971408 0.2983563 0.2976233 0.2966883 0.2975895 0.2962826 0.2965942 0.2964497 0.2964295 0.2955344 0.2967147 0.2975607 0.2967645 0.2957112 0.2954693 0.2957889 0.2952893 0.2949602 0.2965206 0.2971345 0.2959596 0.2979996 0.2998238 0.3009598 0.2989494 0.3052917 0.3094787 0.3030961 0.3055069 0.3071713 0.3074991 0.3068965 0.3057471 0.3068965 0.308046 0.3057471 0.3034483 0.3068965 0.308046 0.3068965 0.3103448 0.3103448 0.3091954 0.3091954 0.308046 0.3103448 0.3114943 0.3114943 0.3126437 0.3126437 0.3126437 0.3091954 0.3114943
0.2926734 0.2975886 0.296279 0.2977776 0.2974367 0.2976643 0.3002982 0.2964351 0.2972991 0.2970935 0.2965384 0.2969654 0.2958302 0.2959125 0.2958667 0.2960061 0.2958615 0.2964162 0.2950119 0.2954164 0.2968045 0.2977548 0.2955252 0.2943545 0.2947468 0.2949147 0.296324 0.2963786 0.2966945 0.297635 0.2991575 0.2987589 0.3020351 0.3049109 0.3053033 0.3047581 0.3021162 0.3072559 0.3075419 0.3070017 0.3045977 0.3057471 0.3068965 0.3057471 0.3034483 0.3045977 0.308046 0.308046 0.308046 0.3068965 0.3057471 0.308046 0.308046 0.3091954 0.3103448 0.3114943 0.3114943 0.3091954 0.3091954 0.3103448 0.3126437
0.2945602 0.2970931 0.296092 0.2963524 0.2972206 0.2975685 0.2967862 0.2954682 0.2959763 0.2965398 0.2970761 0.296546 0.2944037 0.2949755 0.2938702 0.2931673 0.2945271 0.2934793 0.2933877 0.2951432 0.2954958 0.2961063 0.2935458 0.2933865 0.2947655 0.2939665 0.2959059 0.296153 0.2966138 0.2972696 0.2987239 0.2988642 0.3018236 0.297749 0.2988968 0.3029115 0.3013386 0.3058895 0.307331 0.3053931 0.3036375 0.3045965 0.3057471 0.3034483 0.3022988 0.3068965 0.3114943 0.3103448 0.3057471 0.3068965 0.3068965 0.3057471 0.3068965 0.3057471 0.3114943 0.3114943 0.3103448 0.3091954 0.3068965 0.3103448 0.3091954
0.2950621 0.2964199 0.2955715 0.297118 0.2959098 0.2965601 0.2959668 0.2959101 0.2955025 0.2963189 0.2956249 0.2955735 0.2942476 0.2921591 0.2935017 0.2930355 0.2939021 0.2932051 0.2938579 0.29391 0.2952722 0.2949919 0.2944795 0.2929131 0.2931749 0.292873 0.2947798 0.293878 0.2957321 0.2964739 0.2975169 0.2972043 0.3006862 0.2979778 0.299738 0.3000155 0.3045002 0.3033794 0.3047189 0.3024881 0.3011877 0.3012002 0.3023514 0.3032311 0.3057471 0.3103448 0.308046 0.3034483 0.3068965 0.3057471 0.3068965 0.3068965 0.3022988 0.3068965 0.3068965 0.308046 0.3045977 0.3091954 0.308046 0.3068965 0.3091954
0.2936414 0.2960396 0.2958172 0.2957044 0.2952394 0.2958497 0.2956269 0.295521 0.2928711 0.2949723 0.2955543 0.2953976 0.2928875 0.2928712 0.2933955 0.2933321 0.2934298 0.2928784 0.2931035 0.2928858 0.2950717 0.2955004 0.2960756 0.2929131 0.2925229 0.2924503 0.291757 0.2939245 0.2954452 0.2946782 0.2965205 0.2958751 0.2981425 0.3000762 0.3037169 0.3037748 0.3037748 0.3038594 0.2996919 0.3018858 0.3018639 0.3003591 0.302634 0.3034198 0.3034483 0.3034483 0.3034483 0.3045977 0.3045977 0.3045977 0.3057471 0.3045977 0.3057471 0.3057471 0.3057471 0.3057471 0.308046 0.308046 0.3045977 0.3068965 0.3068965
0.2922841 0.2926711 0.2972737 0.2962955 0.2937633 0.2963257 0.2961458 0.2963862 0.2942276 0.2960809 0.2956663 0.2953024 0.2946729 0.2930357 0.2921828 0.2930097 0.2934164 0.2930148 0.2921733 0.2925069 0.2959311 0.2963884 0.29493 0.292186 0.2917292 0.2920615 0.2925597 0.2931736 0.2946072 0.294938 0.2957953 0.2962952 0.2983672 0.3018091 0.302659 0.3033335 0.3033087 0.301779 0.2997614 0.3024138 0.3011972 0.2989803 0.3006781 0.3021912 0.3025168 0.3034483 0.3045977 0.3045977 0.3022988 0.3034483 0.3045977 0.3057471 0.3057471 0.3034483 0.3045977 0.3045977 0.3057471 0.308046 0.3057471 0.3057471 0.3057471
0.2920135 0.2927737 0.2971326 0.2957559 0.2955846 0.2937537 0.2951147 0.2938359 0.2954765 0.2951644 0.2942961 0.2947787 0.2940078 0.2934877 0.2924726 0.2927256 0.2928824 0.2935348 0.2922319 0.2928072 0.2918944 0.2957613 0.2922595 0.2909445 0.2919912 0.2932138 0.2952906 0.2931287 0.2943535 0.2948131 0.294533 0.2970665 0.2997691 0.2997816 0.2998002 0.3015769 0.2975223 0.2972911 0.2984317 0.2991042 0.2997695 0.300423 0.2973389 0.2998778 0.2992784 0.3032139 0.3022988 0.3034483 0.3011494 0.3068965 0.3022988 0.3068965 0.3057471 0.3045977 0.3034483 0.3103448 0.3045977 0.3103448 0.3057471 0.3068965 0.3045977
0.291751 0.2930699 0.296165 0.2975294 0.2951422 0.2947937 0.294019 0.2946977 0.2946727 0.2931808 0.2932233 0.2931308 0.2930447 0.2911254 0.2918097 0.2910281 0.2921013 0.2909428 0.292056 0.2923391 0.2918944 0.2941774 0.2926564 0.2909528 0.2914452 0.2919869 0.2903788 0.2919669 0.2934164 0.295161 0.2945654 0.2962681 0.2973353 0.2981941 0.2968054 0.3007542 0.2966132 0.2966956 0.2994905 0.2988888 0.2985739 0.2986273 0.2972886 0.2997842 0.2998426 0.3038949 0.3029018 0.3057471 0.3022988 0.3022988 0.3022988 0.3034483 0.3057471 0.3045977 0.3034483 0.3103448 0.3045977 0.3103448 0.3045977 0.3045977 0.3045977
0.2899357 0.2903257 0.2934588 0.2974116 0.296258 0.2958167 0.294055 0.295176 0.2929606 0.2931808 0.2922173 0.2927347 0.2925308 0.2912503 0.2917022 0.2903643 0.2907558 0.2911978 0.291789 0.2932164 0.2912364 0.2921837 0.292133 0.2909756 0.2914506 0.2913169 0.2900856 0.2917965 0.2926554 0.2968665 0.29792 0.2981653 0.2971971 0.2967204 0.295834 0.2950116 0.2959247 0.2957629 0.2959771 0.2977273 0.2977692 0.2993818 0.299748 0.3000574 0.2990631 0.303646 0.3021133 0.3031599 0.3022988 0.3068965 0.3068965 0.3045977 0.3022988 0.3034483 0.3034483 0.3034483 0.3022988 0.3045977 0.3011494 0.3045977 0.3045977
0.2882802 0.2894355 0.2897631 0.29495 0.2950586 0.2927473 0.2937723 0.2923578 0.2924801 0.2926405 0.2924695 0.2919149 0.292178 0.2919378 0.2938797 0.2907918 0.2911296 0.2899399 0.2908154 0.2922378 0.2911473 0.2913613 0.2923803 0.2912459 0.2907914 0.292273 0.2904788 0.2905109 0.2921891 0.2962931 0.2972758 0.2972758 0.2963293 0.2962008 0.293579 0.2931201 0.2933376 0.2943675 0.2957772 0.2963415 0.2964405 0.296365 0.2989677 0.3000752 0.298652 0.3003228 0.3012908 0.3019104 0.3022988 0.3045977 0.3 0.3011494 0.3045977 0.3034483 0.3057471 0.3 0.3011494 0.3022988 0.3022988 0.3022988 0.3022988
0.2890731 0.2887816 0.2882789 0.2930536 0.2953452 0.2916449 0.2941012 0.2929757 0.2931566 0.2914376 0.2920369 0.2917205 0.2914912 0.2914476 0.2916122 0.2917129 0.2912492 0.2899399 0.2907405 0.2907409 0.2909552 0.2902796 0.2915026 0.291456 0.290259 0.2905889 0.2904742 0.2919967 0.2923095 0.2953146 0.2945065 0.2929552 0.2930887 0.2930455 0.2930275 0.2927149 0.2930854 0.2950641 0.2948517 0.2959166 0.2972925 0.2988626 0.2978006 0.2978247 0.2986814 0.3001009 0.3001152 0.3005872 0.3010787 0.3012558 0.3022988 0.3022988 0.3011494 0.3091954 0.3114943 0.3011494 0.3 0.3011494 0.3 0.3022988 0.3034483
0.2889827 0.289127 0.2893836 0.2929297 0.2950941 0.292724 0.2941012 0.2924795 0.291501 0.2922334 0.2922125 0.2903517 0.2903517 0.2908046 0.2894518 0.2922882 0.2923104 0.2905227 0.2899165 0.290571 0.289872 0.2913674 0.2912884 0.2919616 0.2899033 0.2899888 0.2898896 0.2911561 0.2920598 0.2910518 0.2915298 0.2918479 0.2910641 0.2922965 0.2912323 0.2930102 0.2930737 0.2935236 0.2954029 0.2970498 0.2992306 0.2993363 0.2973922 0.297178 0.2979469 0.3003546 0.2995527 0.300153 0.2992148 0.3002739 0.3008587 0.3012195 0.3010738 0.3006758 0.3015975 0.2999557 0.3 0.3 0.3022988 0.3045977 0.3022988
0.2892582 0.2892337 0.2911303 0.291977 0.2948723 0.2924992 0.2925861 0.2924695 0.2917739 0.2921804 0.2919812 0.2914268 0.290696 0.2907937 0.2891002 0.2912793 0.2905717 0.2896232 0.2901854 0.2896313 0.2906955 0.2914073 0.2933426 0.2930726 0.2903061 0.2905254 0.2890239 0.2900555 0.2925346 0.2909259 0.2917304 0.2924121 0.2903414 0.2919593 0.2913139 0.2930766 0.2930329 0.2927796 0.2958544 0.296361 0.2984787 0.2978134 0.2977051 0.2997703 0.2975747 0.3003546 0.3007077 0.2998663 0.3000171 0.3010668 0.30057 0.3025412 0.301074 0.2996245 0.300273 0.2990746 0.3010162 0.3001213 0.3011494 0.3011494 0.3022988
0.2897364 0.2891826 0.2920089 0.2954816 0.2947991 0.2907452 0.292165 0.2912432 0.2911026 0.2927958 0.2925622 0.2914902 0.290026 0.2893794 0.2901165 0.2904761 0.2891339 0.2890725 0.2890826 0.2882732 0.2894878 0.2917433 0.2919351 0.2912142 0.2916863 0.2900542 0.289776 0.2893288 0.2900332 0.2895136 0.2905906 0.2907849 0.2908599 0.2911029 0.2920753 0.2924865 0.2920007 0.293029 0.2933093 0.2940727 0.2959198 0.2961343 0.2956489 0.2971273 0.2993031 0.2993031 0.2978466 0.2989896 0.2999789 0.3004447 0.2994181 0.3022161 0.3010417 0.2993885 0.2993725 0.2989978 0.2976575 0.2985902 0.3004846 0.3002268 0.3
0.2894394 0.2884458 0.2921408 0.2954816 0.2929928 0.2907798 0.2899162 0.2908552 0.2921454 0.2910689 0.2909155 0.2908651 0.2908054 0.2885302 0.2906093 0.2907132 0.2885852 0.2885242 0.2884527 0.2896382 0.2890653 0.2919452 0.2904451 0.2907675 0.2894661 0.2875179 0.2894438 0.2889018 0.2885828 0.2893763 0.2913538 0.2896691 0.2895862 0.2911386 0.2911532 0.291157 0.2907689 0.2927995 0.291935 0.2928379 0.2953416 0.2956818 0.2953033 0.2961919 0.2969343 0.2973883 0.2978651 0.2971586 0.2976364 0.2971101 0.2997018 0.2992476 0.2999894 0.2989139 0.2982302 0.2978359 0.298954 0.2994642 0.3004131 0.3014287 0.2999254
0.288089 0.2893362 0.2917212 0.2929591 0.2919677 0.2907353 0.2896972 0.2905399 0.2910058 0.2909533 0.2912935 0.2912841 0.2909957 0.2887465 0.2903639 0.2884691 0.2887872 0.2888896 0.2891252 0.2896403 0.2890441 0.2903414 0.2904195 0.2907461 0.2894759 0.2893794 0.2893794 0.2888423 0.2885902 0.2892706 0.2901271 0.2889421 0.2895796 0.2917821 0.2913185 0.2918136 0.2916144 0.2924015 0.2920498 0.2919514 0.2951336 0.2961729 0.2954199 0.2967752 0.2976237 0.2965955 0.2971314 0.2973029 0.2976593 0.2971386 0.2998921 0.29884 0.2999724 0.2984861 0.2999262 0.2969626 0.2978121 0.3003211 0.3011491 0.3011486 0.2988723
0.2882648 0.2897856 0.2922272 0.2929032 0.2924593 0.2891598 0.2909696 0.2882583 0.2888645 0.2907988 0.2903402 0.292451 0.2915922 0.2902552 0.2894486 0.2896028 0.2885797 0.2894525 0.2891797 0.2884854 0.2885202 0.2886005 0.2888149 0.2918068 0.2892419 0.2886462 0.2871495 0.2874839 0.2884225 0.288076 0.2888117 0.2889421 0.2896354 0.290979 0.2904799 0.2912401 0.2935017 0.2912464 0.290799 0.2911727 0.2920327 0.2940874 0.2934868 0.2963701 0.2967738 0.2963744 0.2973148 0.2969792 0.2978244 0.296546 0.2984584 0.2990389 0.299254 0.2978569 0.2972292 0.2970418 0.2973439 0.2993554 0.3003033 0.3003846 0.2992952
0.2877341 0.2906227 0.2928651 0.2924151 0.29073 0.2892728 0.2894151 0.2891585 0.2881179 0.2898054 0.289528 0.2916861 0.2913502 0.2905647 0.2904886 0.2896582 0.2880247 0.2892053 0.288622 0.2883852 0.2885202 0.2885323 0.2882947 0.290493 0.2892457 0.2876211 0.2885779 0.2880276 0.2881658 0.2874925 0.2888167 0.2894796 0.2888673 0.2881888 0.2896256 0.2894498 0.2916417 0.2910374 0.2922599 0.2904842 0.2917751 0.2926724 0.2933976 0.2953026 0.2937503 0.295195 0.2953525 0.2958578 0.2967345 0.2963539 0.2966242 0.2977581 0.2991591 0.2971941 0.2958731 0.2958923 0.2966393 0.2983142 0.2977321 0.2976391 0.2988306
0.2884776 0.2912704 0.2910184 0.2906233 0.2888111 0.2895505 0.2893101 0.2892385 0.2881965 0.2888617 0.2889161 0.2899576 0.2885223 0.2898616 0.2903054 0.2880884 0.2894715 0.2871473 0.2883662 0.2880686 0.2874223 0.2888228 0.2878332 0.2886907 0.2895221 0.2881799 0.2886309 0.2875239 0.287305 0.2875075 0.2886009 0.28951 0.288669 0.2870443 0.2882067 0.2896009 0.2911788 0.2904978 0.2904494 0.2898451 0.2915661 0.2919552 0.2926269 0.2950794 0.2940877 0.2924573 0.2942473 0.2949439 0.2948035 0.2958503 0.2958402 0.2972642 0.296065 0.2967995 0.2954062 0.2953349 0.2956096 0.2986127 0.2978134 0.2976391 0.2985371
0.2884011 0.2903234 0.2895011 0.2894115 0.2905179 0.2888277 0.2885501 0.2883059 0.2895274 0.2893694 0.2899575 0.2896807 0.2885529 0.2890264 0.2898588 0.2890978 0.2893306 0.2879757 0.2877344 0.2875224 0.2878617 0.2880439 0.2874805 0.2871842 0.2899356 0.2891084 0.2873019 0.2873979 0.287305 0.2875055 0.2883624 0.2893175 0.2888053 0.2879579 0.2873522 0.2881243 0.2898597 0.2896345 0.2896341 0.2897514 0.2913854 0.2923612 0.292758 0.2966632 0.301663 0.2930209 0.2933488 0.2938878 0.2936159 0.2941595 0.296838 0.296914 0.2965105 0.2955674 0.2972131 0.2962472 0.2965398 0.2969863 0.2978033 0.2977807 0.2986093
