lucc_shape/img/ascii_files/elevation.txt
ncols         303
nrows         392
xllcorner     182592.33643186
yllcorner     3271602.003708
cellsize      200
NODATA_value  -9999
[rows 108 to 134 of 392, columns 122 to 182 of 303]
0.4 0.4045977 0.4068966 0.4045977 0.408046 0.4137931 0.4126437 0.4126437 0.4183908 0.4206896 0.4321839 0.4356322 0.4413793 0.4436782 0.4413793 0.4436782 0.445977 0.445977 0.445977 0.445977 0.4827586 0.4908046 0.4643678 0.4804598 0.4528736 0.4517241 0.4528736 0.4804598 0.4965517 0.5068966 0.5252873 0.5298851 0.5229885 0.508046 0.5045977 0.5620689 0.6287357 0.6954023 0.6390805 0.6770115 0.691954 0.6505747 0.6908046 0.6827586 0.6310345 0.6850575 0.6321839 0.6287357 0.6896552 0.7091954 0.7045977 0.7586207 0.7977011 -9999 -9999 -9999 -9999 -9999 -9999 -9999 -9999
0.3954023 0.3988506 0.3988506 0.3954023 0.3977011 0.408046 0.408046 0.4137931 0.4137931 0.4218391 0.4298851 0.4321839 0.4321839 0.4321839 0.4333333 0.4333333 0.4344828 0.4344828 0.4333333 0.4333333 0.4793103 0.4965517 0.4597701 0.4655173 0.4471264 0.445977 0.4586207 0.4977011 0.5034482 0.5114943 0.5206897 0.5206897 0.5022988 0.5045977 0.5632184 0.5850575 0.6609195 0.6712644 0.7034483 0.7252874 0.7724138 0.6862069 0.6931034 0.6977012 0.6701149 0.6965517 0.6758621 0.6666667 0.6632184 0.6816092 0.7011494 0.7643678 0.7977011 -9999 -9999 -9999 -9999 -9999 -9999 -9999 -9999
0.3954023 0.3942529 0.3977011 0.3954023 0.4 0.4057471 0.408046 0.4103448 0.4149425 0.4172414 0.4264368 0.4298851 0.4287356 0.4275862 0.4333333 0.4298851 0.4321839 0.4321839 0.4241379 0.4275862 0.4333333 0.4321839 0.4390804 0.4425287 0.4793103 0.491954 0.4954023 0.5103448 0.5034482 0.5034482 0.5 0.491954 0.4954023 0.570115 0.6057471 0.5643678 0.5758621 0.6195402 0.7218391 0.745977 0.737931 0.7436782 0.6586207 0.6758621 0.7218391 0.6298851 0.6103448 0.6 0.645977 0.6758621 0.6954023 0.7494253 0.7816092 -9999 -9999 -9999 -9999 -9999 -9999 -9999 -9999
0.3988506 0.3896552 0.391954 0.3965517 0.3977011 0.3977011 0.3954023 0.4034483 0.4114943 0.4172414 0.4206896 0.4229885 0.4229885 0.4218391 0.4218391 0.4206896 0.4206896 0.4206896 0.4241379 0.4275862 0.4390804 0.4448276 0.4528736 0.4597701 0.4827586 0.4873563 0.4988506 0.5149425 0.5022988 0.5022988 0.4850575 0.4873563 0.5287356 0.5563219 0.5793104 0.545977 0.6114942 0.6448276 0.6873563 0.7011494 0.6816092 0.7425287 0.616092 0.6137931 0.6965517 0.5977011 0.570115 0.570115 0.6114942 0.6701149 0.691954 0.7448276 0.7666667 -9999 -9999 -9999 -9999 -9999 -9999 -9999 -9999
0.3850575 0.3850575 0.3896552 0.391954 0.3977011 0.3977011 0.3965517 0.4034483 0.4068966 0.4126437 0.4114943 0.4137931 0.4126437 0.4183908 0.4114943 0.4126437 0.4137931 0.4183908 0.4252874 0.4275862 0.4344828 0.4390804 0.4517241 0.4551724 0.4712644 0.4839081 0.4885058 0.4781609 0.4781609 0.4747126 0.4816092 0.4954023 0.491954 0.5045977 0.5091954 0.5494253 0.5942529 0.6172414 0.683908 0.6655173 0.6689655 0.7287356 0.5896552 0.5965517 0.6103448 0.5425287 0.5563219 0.6 0.7 0.7195402 0.7241379 0.7390805 0.7252874 -9999 -9999 -9999 -9999 -9999 -9999 -9999 -9999
0.3804598 0.383908 0.3862069 0.3885058 0.3873563 0.3931035 0.3988506 0.4022988 0.4045977 0.408046 0.4091954 0.4091954 0.4126437 0.4160919 0.4091954 0.4137931 0.4160919 0.4206896 0.4264368 0.4264368 0.4321839 0.4413793 0.4517241 0.4551724 0.4689655 0.4770115 0.4885058 0.4896552 0.4747126 0.4747126 0.4816092 0.4954023 0.4931034 0.4839081 0.4965517 0.5333334 0.5942529 0.6678161 0.6091954 0.6045977 0.6643678 0.7367816 0.570115 0.5632184 0.6103448 0.5862069 0.5563219 0.6022989 0.662069 0.6344827 0.6586207 0.7551724 0.7218391 0.7494253 -9999 -9999 -9999 -9999 -9999 -9999 -9999
0.3804598 0.3816092 0.3850575 0.3850575 0.3873563 0.3931035 0.3954023 0.3977011 0.3965517 0.3988506 0.3977011 0.4011494 0.4011494 0.4 0.4068966 0.4137931 0.4126437 0.4195402 0.4241379 0.4298851 0.4298851 0.4321839 0.4390804 0.4413793 0.4505747 0.4724138 0.4758621 0.4816092 0.4666667 0.4701149 0.4793103 0.4793103 0.4804598 0.5022988 0.5287356 0.5781609 0.6643678 0.6264368 0.5908046 0.6011494 0.6298851 0.6977012 0.5494253 0.5103448 0.5160919 0.5528736 0.5494253 0.6057471 0.6241379 0.637931 0.7402299 0.7735632 0.7356322 0.7839081 -9999 -9999 -9999 -9999 -9999 -9999 -9999
0.3747126 0.3793103 0.383908 0.3816092 0.3862069 0.3931035 0.3896552 0.3896552 0.3942529 0.3931035 0.3942529 0.3988506 0.3977011 0.3988506 0.4045977 0.4114943 0.4126437 0.4172414 0.4298851 0.4287356 0.4264368 0.4298851 0.4321839 0.4390804 0.4482759 0.4551724 0.4655173 0.4758621 0.4632184 0.462069 0.4689655 0.4689655 0.4735632 0.4827586 0.5 0.5367816 0.6149426 0.5862069 0.5586207 0.6172414 0.6735632 0.6735632 0.5356322 0.4977011 0.5310345 0.5149425 0.537931 0.5643678 0.6229885 0.6908046 0.7517241 0.7344828 0.7494253 0.8045977 0.8022988 -9999 -9999 -9999 -9999 -9999 -9999
0.3735632 0.3712644 0.3735632 0.3793103 0.3873563 0.3873563 0.3873563 0.3908046 0.3931035 0.391954 0.3931035 0.3954023 0.3965517 0.3977011 0.4057471 0.4091954 0.4103448 0.4183908 0.4206896 0.4183908 0.4241379 0.4264368 0.4287356 0.4344828 0.4436782 0.4517241 0.462069 0.4678161 0.4701149 0.4574713 0.4586207 0.4609195 0.4747126 0.491954 0.4724138 0.491954 0.537931 0.5413793 0.5505747 0.6091954 0.6528736 0.6057471 0.5149425 0.4954023 0.5310345 0.5609195 0.6425287 0.6597701 0.6988506 0.7183908 0.6735632 0.6701149 0.7793103 0.8103448 0.8241379 0.8137931 -9999 -9999 -9999 -9999 -9999
0.3724138 0.370115 0.3689655 0.3747126 0.3793103 0.3804598 0.3793103 0.3850575 0.3885058 0.3896552 0.3896552 0.3896552 0.3942529 0.3988506 0.408046 0.4091954 0.408046 0.4137931 0.4126437 0.4137931 0.4160919 0.4218391 0.4275862 0.4333333 0.4367816 0.4436782 0.454023 0.4551724 0.4632184 0.4517241 0.4517241 0.4678161 0.4735632 0.491954 0.4666667 0.4689655 0.5149425 0.5195403 0.5206897 0.5965517 0.6068966 0.6068966 0.4816092 0.4908046 0.5160919 0.5919541 0.6643678 0.6896552 0.7183908 0.6701149 0.6310345 0.6735632 0.7655172 0.7885057 0.7885057 0.7781609 0.7287356 0.7287356 -9999 -9999 -9999
0.3655172 0.3666667 0.3712644 0.3724138 0.3689655 0.3724138 0.3770115 0.3827586 0.3827586 0.3827586 0.3885058 0.3885058 0.3988506 0.4011494 0.4034483 0.4068966 0.4068966 0.4091954 0.4057471 0.4091954 0.4160919 0.4195402 0.4195402 0.4241379 0.4310345 0.4333333 0.4402299 0.4482759 0.445977 0.4471264 0.4402299 0.4597701 0.4747126 0.4643678 0.4770115 0.4505747 0.5091954 0.5160919 0.5068966 0.5850575 0.6183908 0.6103448 0.4954023 0.4816092 0.5022988 0.5908046 0.5804598 0.6149426 0.5666667 0.5770115 0.6609195 0.7206897 0.6977012 0.708046 0.7850575 0.7873563 0.7689655 0.7689655 0.7057471 0.6931034 -9999
0.3643678 0.362069 0.370115 0.3678161 0.3689655 0.3712644 0.3770115 0.3816092 0.3827586 0.3827586 0.3850575 0.3908046 0.3988506 0.3988506 0.4045977 0.4034483 0.4045977 0.4022988 0.4034483 0.4057471 0.408046 0.4137931 0.4183908 0.4206896 0.4287356 0.4287356 0.4367816 0.445977 0.4413793 0.4448276 0.4505747 0.4689655 0.4839081 0.4298851 0.4448276 0.4494253 0.4839081 0.4609195 0.5045977 0.5252873 0.6218391 0.6103448 0.5160919 0.462069 0.4816092 0.4942529 0.4965517 0.5218391 0.5885057 0.6149426 0.6965517 0.7137931 0.6068966 0.6632184 0.6655173 0.6643678 0.6931034 0.7862069 0.7183908 0.7655172 0.7160919
0.362069 0.3609195 0.3632184 0.3643678 0.3632184 0.3689655 0.3758621 0.3781609 0.3827586 0.3896552 0.3816092 0.3896552 0.3965517 0.3988506 0.3954023 0.4011494 0.3942529 0.3988506 0.3942529 0.4 0.4045977 0.4103448 0.4137931 0.4160919 0.4229885 0.4287356 0.4298851 0.4356322 0.4390804 0.4425287 0.4505747 0.4609195 0.4747126 0.4264368 0.4275862 0.437931 0.4482759 0.4494253 0.4747126 0.4977011 0.5954023 0.545977 0.4862069 0.4655173 0.5218391 0.5137931 0.5011494 0.5344828 0.6011494 0.637931 0.6793103 0.6816092 0.5850575 0.6310345 0.6482759 0.7114943 0.7839081 0.7839081 0.7551724 0.7735632 0.7448276
0.3609195 0.3574713 0.3643678 0.3609195 0.3655172 0.3678161 0.3712644 0.3758621 0.383908 0.3873563 0.3816092 0.3827586 0.3896552 0.391954 0.3908046 0.3908046 0.3896552 0.3908046 0.3942529 0.4011494 0.4 0.4045977 0.408046 0.4091954 0.4160919 0.4218391 0.4264368 0.4275862 0.4333333 0.4333333 0.4425287 0.4597701 0.4678161 0.4321839 0.4241379 0.4390804 0.4390804 0.4609195 0.4781609 0.5103448 0.5436782 0.4977011 0.508046 0.545977 0.5931035 0.6505747 0.6172414 0.6137931 0.6666667 0.6517242 0.6551724 0.645977 0.5632184 0.5942529 0.6689655 0.7045977 0.6896552 0.6632184 0.6367816 0.7275862 0.7517241
0.3563218 0.3586207 0.3586207 0.3597701 0.3678161 0.3666667 0.370115 0.3735632 0.3816092 0.3758621 0.3747126 0.383908 0.383908 0.3850575 0.383908 0.383908 0.391954 0.3862069 0.3977011 0.4034483 0.4057471 0.4034483 0.4057471 0.4068966 0.4172414 0.4206896 0.4172414 0.4264368 0.4298851 0.4264368 0.4436782 0.4505747 0.4517241 0.4471264 0.4149425 0.4241379 0.4298851 0.437931 0.4678161 0.5068966 0.5310345 0.4712644 0.5344828 0.5781609 0.6045977 0.6873563 0.691954 0.6298851 0.6586207 0.6689655 0.6241379 0.5356322 0.5712644 0.5965517 0.6448276 0.6896552 0.6724138 0.6321839 0.6091954 0.5977011 0.6425287
0.3574713 0.3551724 0.3586207 0.3678161 0.3597701 0.362069 0.3655172 0.3747126 0.3770115 0.3747126 0.3735632 0.3816092 0.383908 0.3850575 0.3758621 0.3793103 0.3804598 0.3873563 0.3896552 0.391954 0.4022988 0.4011494 0.4011494 0.4045977 0.4103448 0.4137931 0.4183908 0.4264368 0.4241379 0.4229885 0.4252874 0.4390804 0.4264368 0.4091954 0.4057471 0.4482759 0.4528736 0.4632184 0.4574713 0.4563218 0.4241379 0.4264368 0.5448276 0.5908046 0.6137931 0.6862069 0.6413793 0.5655172 0.5862069 0.5712644 0.5252873 0.5103448 0.5931035 0.6402299 0.6436782 0.7 0.7551724 0.5954023 0.570115 0.5954023 0.616092
0.3574713 0.3517241 0.3586207 0.3609195 0.3586207 0.3597701 0.3655172 0.3689655 0.3666667 0.370115 0.370115 0.3758621 0.3827586 0.3793103 0.3758621 0.3793103 0.3804598 0.3850575 0.3850575 0.3873563 0.3965517 0.4 0.4022988 0.4068966 0.4103448 0.4126437 0.4149425 0.4160919 0.4126437 0.4218391 0.4218391 0.4218391 0.4126437 0.4034483 0.4218391 0.4229885 0.445977 0.4471264 0.4264368 0.4218391 0.4471264 0.4666667 0.4885058 0.5149425 0.5758621 0.6321839 0.6068966 0.5471264 0.5482759 0.5413793 0.4988506 0.5229885 0.5712644 0.5471264 0.6241379 0.6609195 0.729885 0.5908046 0.5310345 0.5413793 0.5873563
0.3494253 0.3505747 0.362069 0.3551724 0.3528736 0.354023 0.3609195 0.362069 0.3655172 0.3666667 0.3678161 0.3758621 0.3735632 0.3724138 0.370115 0.3724138 0.3758621 0.3816092 0.3816092 0.3850575 0.3885058 0.3931035 0.4 0.3988506 0.4057471 0.4057471 0.4103448 0.4114943 0.4103448 0.4172414 0.4160919 0.4114943 0.4011494 0.4195402 0.4229885 0.4229885 0.445977 0.4471264 0.4264368 0.4218391 0.4666667 0.462069 0.5011494 0.5436782 0.5712644 0.6321839 0.6011494 0.5183908 0.4793103 0.4942529 0.5747126 0.5367816 0.5367816 0.5471264 0.6241379 0.6609195 0.6436782 0.5448276 0.4954023 0.5057471 0.5448276
0.3471264 0.3517241 0.3609195 0.354023 0.354023 0.3517241 0.354023 0.3609195 0.362069 0.362069 0.3666667 0.3712644 0.3678161 0.3666667 0.3678161 0.3689655 0.370115 0.3735632 0.3793103 0.3827586 0.3816092 0.3885058 0.3908046 0.3942529 0.4022988 0.4034483 0.4057471 0.4045977 0.4022988 0.4068966 0.4068966 0.4068966 0.4045977 0.3988506 0.4195402 0.4195402 0.4287356 0.4103448 0.3977011 0.4206896 0.445977 0.4827586 0.5011494 0.5287356 0.5712644 0.5275862 0.462069 0.5057471 0.5114943 0.5735632 0.6551724 0.6655173 0.6264368 0.5770115 0.6402299 0.5528736 0.537931 0.4896552 0.5735632 0.545977 0.5620689
0.3563218 0.3609195 0.3609195 0.3505747 0.3517241 0.3505747 0.3517241 0.362069 0.362069 0.3586207 0.3666667 0.3678161 0.3609195 0.3666667 0.3666667 0.3689655 0.3678161 0.3735632 0.3747126 0.3781609 0.383908 0.3862069 0.3908046 0.3942529 0.3965517 0.4022988 0.4034483 0.4022988 0.4022988 0.4068966 0.4068966 0.4068966 0.4045977 0.3988506 0.4 0.4 0.3977011 0.3942529 0.4068966 0.4390804 0.4448276 0.4701149 0.508046 0.508046 0.5942529 0.5103448 0.4597701 0.5528736 0.5367816 0.5689655 0.6195402 0.6482759 0.6011494 0.5183908 0.4643678 0.5413793 0.5931035 0.6287357 0.6287357 0.5574713 0.5666667
0.3574713 0.3563218 0.3517241 0.3436781 0.3448276 0.3448276 0.3494253 0.3505747 0.3528736 0.3586207 0.3586207 0.3528736 0.3597701 0.3597701 0.3586207 0.3643678 0.3655172 0.3712644 0.3747126 0.3747126 0.3816092 0.3850575 0.3873563 0.3908046 0.3931035 0.3954023 0.3942529 0.3977011 0.3977011 0.4 0.4 0.4 0.4 0.3954023 0.3942529 0.3896552 0.3931035 0.3965517 0.4034483 0.4183908 0.4597701 0.4908046 0.5 0.5264368 0.583908 0.5126437 0.4471264 0.5333334 0.5942529 0.5988505 0.6597701 0.6287357 0.6011494 0.5183908 0.4954023 0.5793104 0.6287357 0.6701149 0.5574713 0.5252873 0.6011494
0.3528736 0.3574713 0.3482759 0.3425287 0.3436781 0.3448276 0.3482759 0.3505747 0.3517241 0.3563218 0.3482759 0.3505747 0.3494253 0.354023 0.3563218 0.3586207 0.3609195 0.370115 0.3678161 0.3735632 0.3758621 0.3804598 0.3850575 0.3885058 0.3896552 0.391954 0.3931035 0.3931035 0.3942529 0.3954023 0.3954023 0.3954023 0.3931035 0.391954 0.3862069 0.3954023 0.4298851 0.4321839 0.4597701 0.4494253 0.445977 0.4908046 0.5034482 0.4850575 0.4770115 0.4551724 0.4390804 0.5425287 0.5712644 0.5597701 0.6011494 0.6137931 0.5057471 0.4586207 0.5057471 0.5655172 0.6114942 0.6057471 0.5034482 0.5689655 0.654023
0.3471264 0.3563218 0.3425287 0.3413793 0.3425287 0.3425287 0.345977 0.3471264 0.3494253 0.354023 0.3482759 0.3448276 0.3505747 0.3517241 0.3517241 0.3563218 0.3586207 0.3643678 0.3643678 0.370115 0.3747126 0.3804598 0.3827586 0.383908 0.3850575 0.3896552 0.3873563 0.3908046 0.391954 0.3885058 0.391954 0.3908046 0.3908046 0.3885058 0.3827586 0.4264368 0.4264368 0.4310345 0.4356322 0.4574713 0.4712644 0.4643678 0.4678161 0.4747126 0.4471264 0.4356322 0.4505747 0.4885058 0.545977 0.5402299 0.6172414 0.6206896 0.5172414 0.4482759 0.5609195 0.5977011 0.5402299 0.508046 0.5643678 0.6241379 0.5942529
0.3551724 0.3436781 0.337931 0.337931 0.345977 0.3448276 0.3448276 0.3448276 0.3436781 0.3482759 0.3471264 0.345977 0.345977 0.3494253 0.3563218 0.354023 0.3551724 0.3609195 0.362069 0.3666667 0.3712644 0.3724138 0.3770115 0.3804598 0.3804598 0.3793103 0.3827586 0.383908 0.3862069 0.3873563 0.3896552 0.3885058 0.3885058 0.3850575 0.383908 0.4241379 0.4160919 0.4183908 0.4471264 0.4390804 0.4839081 0.4517241 0.4666667 0.4816092 0.4229885 0.4172414 0.4471264 0.4632184 0.4747126 0.5298851 0.6103448 0.6229885 0.4781609 0.4436782 0.5333334 0.5666667 0.5126437 0.5229885 0.5425287 0.5632184 0.6172414
0.354023 0.3413793 0.3321839 0.3367816 0.3402299 0.3436781 0.3448276 0.3402299 0.345977 0.3436781 0.3448276 0.3471264 0.3413793 0.3448276 0.3505747 0.354023 0.3551724 0.3574713 0.3609195 0.3655172 0.3689655 0.370115 0.3747126 0.3781609 0.3770115 0.3770115 0.3735632 0.3804598 0.383908 0.3827586 0.3850575 0.383908 0.3804598 0.3816092 0.3816092 0.4045977 0.4149425 0.4563218 0.4471264 0.4425287 0.4609195 0.4597701 0.4528736 0.4586207 0.4425287 0.4045977 0.4137931 0.4793103 0.4609195 0.4965517 0.5827586 0.5965517 0.4770115 0.4287356 0.4908046 0.5747126 0.5218391 0.4701149 0.4942529 0.5298851 0.5954023
0.354023 0.3425287 0.3344828 0.337931 0.3402299 0.3436781 0.3448276 0.3436781 0.3471264 0.3482759 0.3471264 0.3448276 0.3402299 0.3448276 0.3494253 0.3517241 0.3551724 0.3586207 0.3586207 0.3632184 0.3643678 0.3678161 0.3689655 0.3724138 0.3712644 0.3747126 0.3770115 0.3804598 0.3781609 0.3781609 0.3793103 0.3781609 0.3735632 0.3781609 0.3850575 0.4103448 0.4310345 0.4689655 0.4804598 0.4609195 0.437931 0.4241379 0.4586207 0.4586207 0.4643678 0.4011494 0.4091954 0.4344828 0.4965517 0.5425287 0.5862069 0.5620689 0.4390804 0.4413793 0.545977 0.5597701 0.5425287 0.4770115 0.5482759 0.5609195 0.5655172
0.345977 0.3356322 0.3367816 0.3367816 0.3402299 0.3402299 0.337931 0.3413793 0.3448276 0.3425287 0.3448276 0.3402299 0.3448276 0.345977 0.3471264 0.3482759 0.345977 0.354023 0.3551724 0.3563218 0.3609195 0.3655172 0.3666667 0.3655172 0.370115 0.370115 0.3770115 0.3758621 0.3781609 0.3781609 0.3793103 0.3781609 0.3735632 0.3781609 0.3850575 0.4103448 0.4310345 0.4436782 0.4735632 0.4448276 0.4482759 0.4183908 0.4482759 0.4643678 0.4689655 0.3977011 0.4241379 0.4229885 0.4735632 0.5287356 0.5436782 0.5321839 0.4333333 0.4678161 0.5666667 0.5298851 0.4965517 0.4574713 0.5114943 0.4908046 0.5965517
