lucc_shape/img/ascii_files/elevation.txt
ncols         303
nrows         392
xllcorner     182592.33643186
yllcorner     3271602.003708
cellsize      200
NODATA_value  -9999
[rows 108 to 134 of 392, columns 61 to 121 of 303]
0.354023 0.3448276 0.345977 0.3425287 0.3494253 0.354023 0.3632184 0.3643678 0.3586207 0.362069 0.3597701 0.3563218 0.3528736 0.3563218 0.3482759 0.3505747 0.354023 0.3632184 0.3689655 0.3678161 0.370115 0.3712644 0.370115 0.3712644 0.3758621 0.3758621 0.3609195 0.3632184 0.3643678 0.3747126 0.3735632 0.3712644 0.3735632 0.3655172 0.3517241 0.345977 0.3482759 0.3482759 0.3528736 0.3528736 0.3505747 0.3505747 0.354023 0.354023 0.3597701 0.3609195 0.3597701 0.3632184 0.3678161 0.3724138 0.370115 0.3712644 0.3770115 0.3770115 0.3793103 0.3850575 0.3862069 0.3896552 0.3896552 0.4022988 0.3977011
0.3505747 0.3436781 0.3413793 0.3436781 0.3563218 0.3574713 0.3563218 0.362069 0.3586207 0.3597701 0.3528736 0.3563218 0.3586207 0.3551724 0.3505747 0.354023 0.3574713 0.3655172 0.3666667 0.3678161 0.370115 0.3678161 0.3643678 0.3712644 0.3712644 0.3735632 0.3597701 0.3597701 0.3724138 0.3724138 0.3712644 0.3724138 0.3712644 0.3528736 0.3528736 0.3494253 0.3494253 0.3471264 0.3505747 0.3482759 0.3505747 0.3494253 0.3482759 0.3505747 0.3551724 0.3563218 0.3586207 0.3563218 0.3666667 0.3643678 0.3735632 0.3712644 0.3712644 0.3781609 0.3793103 0.3793103 0.3816092 0.3827586 0.3850575 0.3931035 0.3977011
0.3448276 0.3402299 0.337931 0.3482759 0.3482759 0.3586207 0.354023 0.3609195 0.3563218 0.3586207 0.3563218 0.3402299 0.3425287 0.3505747 0.3505747 0.3597701 0.3609195 0.3597701 0.3655172 0.3712644 0.370115 0.3643678 0.3666667 0.370115 0.3712644 0.3678161 0.3586207 0.3597701 0.370115 0.3689655 0.370115 0.370115 0.3689655 0.3494253 0.345977 0.3505747 0.3494253 0.3494253 0.345977 0.3494253 0.3505747 0.3471264 0.345977 0.3482759 0.3482759 0.3528736 0.3586207 0.3609195 0.3632184 0.3632184 0.370115 0.3666667 0.370115 0.3804598 0.3793103 0.3827586 0.3804598 0.3827586 0.3965517 0.3931035 0.3954023
0.3471264 0.3413793 0.3390805 0.3517241 0.3528736 0.354023 0.3574713 0.3597701 0.3609195 0.3586207 0.3563218 0.3390805 0.3471264 0.3586207 0.3574713 0.3586207 0.3597701 0.3574713 0.3632184 0.3712644 0.3712644 0.3632184 0.3678161 0.3689655 0.3712644 0.3632184 0.3586207 0.3597701 0.370115 0.3689655 0.3655172 0.3655172 0.3655172 0.354023 0.354023 0.3494253 0.3471264 0.3425287 0.3436781 0.3436781 0.3482759 0.3494253 0.3448276 0.3471264 0.3528736 0.3563218 0.3563218 0.3563218 0.3597701 0.3609195 0.3597701 0.3689655 0.3758621 0.3758621 0.3712644 0.3735632 0.3816092 0.3816092 0.3885058 0.3931035 0.391954
0.345977 0.3367816 0.3367816 0.3494253 0.3436781 0.354023 0.3528736 0.3494253 0.3597701 0.3528736 0.3528736 0.3425287 0.354023 0.3528736 0.3517241 0.3551724 0.3551724 0.3609195 0.370115 0.3712644 0.370115 0.3609195 0.362069 0.3643678 0.3689655 0.3609195 0.3551724 0.3563218 0.3678161 0.3678161 0.3643678 0.3655172 0.3678161 0.3666667 0.354023 0.3436781 0.3436781 0.3425287 0.3402299 0.3448276 0.3471264 0.345977 0.3448276 0.3425287 0.354023 0.3528736 0.3563218 0.354023 0.3597701 0.3609195 0.3597701 0.3689655 0.3735632 0.3735632 0.3712644 0.3712644 0.383908 0.3896552 0.3885058 0.3908046 0.3873563
0.3413793 0.3356322 0.3402299 0.3413793 0.3482759 0.3482759 0.3505747 0.3517241 0.3597701 0.345977 0.3505747 0.3482759 0.3551724 0.3609195 0.3609195 0.3551724 0.3586207 0.3609195 0.3655172 0.3666667 0.3689655 0.3597701 0.3609195 0.3563218 0.3597701 0.3643678 0.3517241 0.362069 0.362069 0.3643678 0.3632184 0.362069 0.3609195 0.3643678 0.3471264 0.3448276 0.3413793 0.3448276 0.3436781 0.3436781 0.3402299 0.3436781 0.3471264 0.3448276 0.3482759 0.3494253 0.3505747 0.354023 0.354023 0.3597701 0.3655172 0.3678161 0.3712644 0.3643678 0.3643678 0.3770115 0.3816092 0.3781609 0.3770115 0.3735632 0.3873563
0.3367816 0.337931 0.3413793 0.3482759 0.3517241 0.3482759 0.3505747 0.3586207 0.3597701 0.345977 0.3390805 0.3505747 0.3563218 0.354023 0.3517241 0.3551724 0.3574713 0.3678161 0.3689655 0.3609195 0.3655172 0.3655172 0.3632184 0.354023 0.3586207 0.3632184 0.3505747 0.3632184 0.3655172 0.3643678 0.3643678 0.3574713 0.3597701 0.3655172 0.3609195 0.3413793 0.3436781 0.3425287 0.3413793 0.3413793 0.3402299 0.3390805 0.3436781 0.3425287 0.3448276 0.3528736 0.3494253 0.3494253 0.354023 0.3586207 0.3597701 0.3632184 0.3643678 0.3586207 0.362069 0.3724138 0.3804598 0.3781609 0.3816092 0.3850575 0.3793103
0.3321839 0.3367816 0.3413793 0.345977 0.3517241 0.3528736 0.3528736 0.3563218 0.3413793 0.3367816 0.337931 0.3517241 0.3505747 0.3494253 0.3471264 0.3597701 0.3643678 0.3609195 0.3597701 0.3643678 0.3666667 0.3632184 0.3597701 0.354023 0.3494253 0.362069 0.3528736 0.3632184 0.3632184 0.3609195 0.3643678 0.3609195 0.3563218 0.3632184 0.3586207 0.3413793 0.3402299 0.3413793 0.3402299 0.3425287 0.3402299 0.3425287 0.3436781 0.3436781 0.3436781 0.345977 0.3471264 0.3505747 0.3528736 0.354023 0.3586207 0.3632184 0.3574713 0.3563218 0.362069 0.3724138 0.3724138 0.3735632 0.3827586 0.3816092 0.3747126
0.3310345 0.3402299 0.3471264 0.3494253 0.354023 0.3517241 0.3505747 0.3494253 0.337931 0.3356322 0.337931 0.3413793 0.345977 0.354023 0.3551724 0.3597701 0.3609195 0.3632184 0.3609195 0.3643678 0.3643678 0.3597701 0.362069 0.3551724 0.3505747 0.3517241 0.345977 0.3586207 0.3551724 0.3586207 0.3609195 0.3563218 0.3574713 0.3643678 0.3609195 0.354023 0.337931 0.3413793 0.3413793 0.3402299 0.3402299 0.3402299 0.3413793 0.3413793 0.3448276 0.345977 0.3494253 0.3517241 0.3494253 0.3563218 0.3586207 0.3643678 0.3551724 0.3563218 0.362069 0.3609195 0.3724138 0.3793103 0.3781609 0.3781609 0.3735632
0.3471264 0.3528736 0.3563218 0.354023 0.354023 0.3505747 0.3494253 0.337931 0.3333333 0.3344828 0.3333333 0.3448276 0.3551724 0.3528736 0.3517241 0.362069 0.3563218 0.3517241 0.3643678 0.362069 0.3609195 0.3574713 0.3586207 0.3551724 0.3505747 0.345977 0.3413793 0.3505747 0.3551724 0.3471264 0.354023 0.3574713 0.362069 0.3643678 0.3597701 0.3563218 0.3413793 0.3367816 0.337931 0.3356322 0.3344828 0.3413793 0.3390805 0.3413793 0.3413793 0.3413793 0.345977 0.345977 0.3471264 0.3494253 0.3586207 0.3528736 0.3482759 0.3494253 0.3517241 0.3609195 0.3724138 0.3770115 0.3735632 0.3770115 0.3724138
0.3505747 0.3505747 0.354023 0.354023 0.3505747 0.3436781 0.3436781 0.3333333 0.3344828 0.3333333 0.3367816 0.3494253 0.3528736 0.3505747 0.3517241 0.3551724 0.3517241 0.3494253 0.3609195 0.3563218 0.3597701 0.3563218 0.3563218 0.3517241 0.3448276 0.3436781 0.3436781 0.3597701 0.3597701 0.3482759 0.3494253 0.3597701 0.3586207 0.3597701 0.3632184 0.3528736 0.3436781 0.3390805 0.3367816 0.3356322 0.3367816 0.3413793 0.3390805 0.3425287 0.3436781 0.3390805 0.345977 0.3494253 0.3471264 0.3494253 0.3551724 0.3494253 0.3517241 0.3471264 0.3574713 0.3689655 0.3747126 0.3747126 0.3689655 0.3678161 0.370115
0.3471264 0.345977 0.354023 0.354023 0.3505747 0.3413793 0.3321839 0.3321839 0.3367816 0.3413793 0.3471264 0.3436781 0.3471264 0.3494253 0.3528736 0.3517241 0.345977 0.3528736 0.3586207 0.3609195 0.354023 0.3609195 0.3609195 0.3551724 0.3505747 0.3436781 0.3402299 0.3517241 0.3528736 0.3413793 0.3574713 0.3586207 0.3586207 0.3632184 0.3632184 0.354023 0.3448276 0.3390805 0.3367816 0.3356322 0.3321839 0.3367816 0.337931 0.3402299 0.337931 0.3425287 0.3425287 0.3436781 0.3436781 0.3505747 0.354023 0.3482759 0.3505747 0.3494253 0.3643678 0.362069 0.3735632 0.3735632 0.3655172 0.3643678 0.3643678
0.3448276 0.3505747 0.3528736 0.3517241 0.3471264 0.3367816 0.3310345 0.3287356 0.3321839 0.3425287 0.3390805 0.3402299 0.3448276 0.3517241 0.3517241 0.3436781 0.3517241 0.3563218 0.3586207 0.3574713 0.3574713 0.3609195 0.3597701 0.3528736 0.3413793 0.3413793 0.3413793 0.3517241 0.3574713 0.3425287 0.3528736 0.3551724 0.354023 0.3632184 0.3609195 0.3528736 0.3471264 0.3402299 0.3367816 0.3367816 0.3356322 0.3367816 0.337931 0.3390805 0.337931 0.3413793 0.3436781 0.3448276 0.3425287 0.3528736 0.3494253 0.345977 0.345977 0.3471264 0.3609195 0.3712644 0.3735632 0.3666667 0.3609195 0.3643678 0.3597701
0.3448276 0.3413793 0.3517241 0.3482759 0.3390805 0.3321839 0.3298851 0.3298851 0.3321839 0.3436781 0.3402299 0.3425287 0.3471264 0.3436781 0.337931 0.3471264 0.3528736 0.3574713 0.3551724 0.3563218 0.354023 0.3563218 0.3563218 0.3517241 0.3425287 0.3413793 0.3390805 0.3425287 0.3528736 0.3413793 0.3471264 0.3574713 0.3597701 0.3609195 0.3597701 0.3517241 0.3471264 0.3425287 0.337931 0.3390805 0.3356322 0.3344828 0.3356322 0.3344828 0.3356322 0.3413793 0.3425287 0.3413793 0.3390805 0.337931 0.345977 0.3413793 0.3494253 0.3586207 0.3666667 0.3724138 0.3724138 0.3597701 0.3609195 0.3586207 0.3597701
0.3425287 0.345977 0.3482759 0.3471264 0.3436781 0.3287356 0.3287356 0.3287356 0.3356322 0.3333333 0.3402299 0.3471264 0.3356322 0.3413793 0.3471264 0.3517241 0.354023 0.354023 0.3517241 0.3563218 0.3528736 0.3528736 0.3574713 0.3551724 0.3528736 0.337931 0.337931 0.337931 0.3344828 0.3425287 0.3494253 0.3574713 0.3563218 0.3586207 0.354023 0.3482759 0.3448276 0.3390805 0.3367816 0.3321839 0.3321839 0.3310345 0.3356322 0.3390805 0.337931 0.3390805 0.3413793 0.337931 0.337931 0.337931 0.3425287 0.3448276 0.3586207 0.3655172 0.3597701 0.362069 0.3586207 0.3586207 0.3609195 0.3528736 0.3563218
0.3413793 0.3425287 0.3482759 0.345977 0.3367816 0.3275862 0.3287356 0.3298851 0.3356322 0.3448276 0.3402299 0.3402299 0.337931 0.3471264 0.3482759 0.3528736 0.3551724 0.3517241 0.3517241 0.3563218 0.3528736 0.3574713 0.3505747 0.354023 0.3482759 0.345977 0.3425287 0.3356322 0.3344828 0.3402299 0.354023 0.3551724 0.3517241 0.3551724 0.354023 0.3482759 0.3448276 0.3344828 0.3367816 0.3344828 0.3310345 0.3321839 0.3356322 0.3367816 0.3333333 0.3390805 0.3390805 0.3390805 0.3367816 0.3344828 0.354023 0.3574713 0.362069 0.3655172 0.3574713 0.362069 0.354023 0.3574713 0.3517241 0.3517241 0.3505747
0.3321839 0.3402299 0.3436781 0.3390805 0.3356322 0.3252873 0.3287356 0.3333333 0.3356322 0.3298851 0.3321839 0.337931 0.3425287 0.3425287 0.3471264 0.3494253 0.3528736 0.345977 0.3528736 0.3551724 0.3494253 0.354023 0.3471264 0.3505747 0.3494253 0.354023 0.3448276 0.3344828 0.3321839 0.3344828 0.345977 0.3517241 0.3494253 0.3494253 0.3551724 0.3482759 0.3413793 0.3344828 0.3333333 0.3310345 0.3321839 0.3321839 0.3321839 0.3321839 0.3367816 0.3356322 0.3356322 0.3367816 0.3402299 0.3390805 0.3517241 0.3586207 0.3574713 0.362069 0.3528736 0.3609195 0.3551724 0.3574713 0.3517241 0.3517241 0.3505747
0.3356322 0.3436781 0.3425287 0.345977 0.3413793 0.3252873 0.3287356 0.3333333 0.3310345 0.3298851 0.3321839 0.337931 0.3425287 0.3425287 0.3471264 0.3517241 0.3528736 0.345977 0.3425287 0.3471264 0.345977 0.3517241 0.3517241 0.3471264 0.3482759 0.3517241 0.345977 0.3333333 0.3344828 0.3482759 0.3471264 0.3494253 0.3448276 0.3482759 0.354023 0.3505747 0.3482759 0.3356322 0.3344828 0.3310345 0.3310345 0.3310345 0.3298851 0.3287356 0.3310345 0.3344828 0.3356322 0.3310345 0.3482759 0.345977 0.354023 0.3551724 0.3505747 0.3528736 0.3505747 0.3471264 0.3448276 0.3425287 0.3482759 0.3517241 0.3471264
0.3390805 0.337931 0.337931 0.3390805 0.3402299 0.3287356 0.3275862 0.3344828 0.3436781 0.3425287 0.3448276 0.345977 0.3482759 0.3528736 0.3551724 0.3517241 0.354023 0.3505747 0.3448276 0.3436781 0.3402299 0.3505747 0.3494253 0.3494253 0.3436781 0.3505747 0.3402299 0.3333333 0.3367816 0.3482759 0.3494253 0.3471264 0.3436781 0.3517241 0.3563218 0.3505747 0.345977 0.3356322 0.3321839 0.3310345 0.3298851 0.3298851 0.3298851 0.3287356 0.3321839 0.3344828 0.3344828 0.3321839 0.3402299 0.345977 0.354023 0.3551724 0.3505747 0.3528736 0.3505747 0.3471264 0.3413793 0.3436781 0.3482759 0.3482759 0.3471264
0.3367816 0.3367816 0.3390805 0.3344828 0.3402299 0.3275862 0.3275862 0.3344828 0.3367816 0.3356322 0.3390805 0.3436781 0.3494253 0.3517241 0.354023 0.3494253 0.3528736 0.3448276 0.3448276 0.3390805 0.3436781 0.3482759 0.3471264 0.3471264 0.3494253 0.3413793 0.3356322 0.3321839 0.3390805 0.3425287 0.3413793 0.345977 0.3494253 0.3482759 0.354023 0.3448276 0.3448276 0.3321839 0.3310345 0.3321839 0.3310345 0.3287356 0.3298851 0.3310345 0.3298851 0.3275862 0.3287356 0.3298851 0.3402299 0.345977 0.3505747 0.3471264 0.3482759 0.3494253 0.3448276 0.3482759 0.3413793 0.3448276 0.3448276 0.3494253 0.3517241
0.3275862 0.3367816 0.3413793 0.3321839 0.3310345 0.3264368 0.3275862 0.3333333 0.3356322 0.3356322 0.3425287 0.3505747 0.3494253 0.354023 0.354023 0.3505747 0.3494253 0.3482759 0.3402299 0.337931 0.3436781 0.3471264 0.3471264 0.3448276 0.3436781 0.337931 0.3344828 0.3333333 0.3425287 0.3413793 0.3448276 0.3505747 0.3494253 0.3494253 0.3482759 0.3471264 0.3413793 0.3436781 0.3333333 0.3321839 0.3287356 0.3298851 0.3264368 0.3264368 0.3287356 0.3287356 0.3321839 0.3356322 0.3390805 0.3402299 0.3402299 0.3471264 0.3528736 0.3413793 0.337931 0.337931 0.3390805 0.3390805 0.3436781 0.345977 0.3505747
0.3333333 0.3298851 0.3298851 0.3264368 0.3264368 0.3252873 0.3333333 0.3402299 0.3402299 0.3425287 0.3494253 0.3436781 0.3517241 0.3528736 0.3517241 0.3505747 0.3482759 0.3471264 0.3425287 0.3413793 0.337931 0.3436781 0.3436781 0.3436781 0.3402299 0.3367816 0.3310345 0.3356322 0.3344828 0.3402299 0.3494253 0.3528736 0.3494253 0.3482759 0.3471264 0.3413793 0.3390805 0.3448276 0.3333333 0.3310345 0.3298851 0.3287356 0.3275862 0.3298851 0.3298851 0.3321839 0.3356322 0.3390805 0.3367816 0.337931 0.337931 0.3448276 0.3482759 0.3402299 0.3402299 0.337931 0.3390805 0.3425287 0.3436781 0.3482759 0.3563218
0.3252873 0.3298851 0.3252873 0.3241379 0.3218391 0.3275862 0.3333333 0.3402299 0.3413793 0.3390805 0.3413793 0.3436781 0.3517241 0.3505747 0.3505747 0.345977 0.3436781 0.3436781 0.3448276 0.3413793 0.3333333 0.3402299 0.3402299 0.3390805 0.3356322 0.337931 0.3310345 0.3275862 0.3356322 0.345977 0.3505747 0.354023 0.3517241 0.3482759 0.345977 0.3390805 0.337931 0.337931 0.3367816 0.3287356 0.3298851 0.3275862 0.3287356 0.3275862 0.3298851 0.3321839 0.3310345 0.3298851 0.3390805 0.3356322 0.3356322 0.345977 0.345977 0.3356322 0.337931 0.337931 0.3402299 0.3425287 0.3448276 0.3528736 0.3482759
0.3241379 0.3229885 0.3252873 0.3264368 0.3252873 0.3310345 0.3333333 0.3402299 0.3425287 0.3402299 0.3448276 0.345977 0.3448276 0.345977 0.3471264 0.3471264 0.3471264 0.3413793 0.3482759 0.3517241 0.3310345 0.3344828 0.3356322 0.3310345 0.3402299 0.3275862 0.3275862 0.3264368 0.3402299 0.3425287 0.3482759 0.3505747 0.3448276 0.345977 0.3471264 0.3425287 0.3425287 0.3425287 0.3367816 0.3310345 0.3298851 0.3275862 0.3252873 0.3264368 0.3275862 0.3275862 0.3275862 0.3298851 0.3321839 0.3298851 0.3321839 0.3344828 0.3367816 0.3344828 0.3344828 0.3367816 0.3402299 0.3390805 0.3505747 0.3528736 0.3482759
0.3252873 0.3252873 0.3229885 0.3252873 0.3298851 0.3321839 0.3344828 0.3367816 0.3390805 0.3402299 0.3448276 0.345977 0.3448276 0.345977 0.3471264 0.3448276 0.345977 0.3413793 0.3413793 0.3517241 0.3344828 0.3310345 0.3321839 0.3298851 0.3367816 0.3298851 0.3275862 0.3298851 0.3425287 0.3425287 0.3482759 0.3505747 0.345977 0.3448276 0.3448276 0.3436781 0.3390805 0.3402299 0.3356322 0.3275862 0.3275862 0.3252873 0.3252873 0.3287356 0.3241379 0.3264368 0.3264368 0.3298851 0.3298851 0.3298851 0.3344828 0.3321839 0.3310345 0.3333333 0.3367816 0.3344828 0.3367816 0.3482759 0.3505747 0.3517241 0.3436781
0.3287356 0.3298851 0.3264368 0.3275862 0.3298851 0.3310345 0.3344828 0.3367816 0.3425287 0.3425287 0.3413793 0.3413793 0.3448276 0.3482759 0.3436781 0.3425287 0.3413793 0.3425287 0.3413793 0.3471264 0.3482759 0.3367816 0.3321839 0.3310345 0.3264368 0.3275862 0.3298851 0.3310345 0.3367816 0.3402299 0.3517241 0.3551724 0.3436781 0.3425287 0.3413793 0.3402299 0.3356322 0.3390805 0.3356322 0.3298851 0.3287356 0.3241379 0.3252873 0.3264368 0.3252873 0.3275862 0.3287356 0.3275862 0.3298851 0.3310345 0.3344828 0.3310345 0.3310345 0.3333333 0.3367816 0.3344828 0.3367816 0.3517241 0.3494253 0.3482759 0.3471264
0.3241379 0.3275862 0.3252873 0.3264368 0.3298851 0.3333333 0.3333333 0.3402299 0.3436781 0.3390805 0.3413793 0.3367816 0.3413793 0.345977 0.3413793 0.3425287 0.3425287 0.337931 0.3436781 0.3471264 0.3482759 0.337931 0.3310345 0.3298851 0.3264368 0.3264368 0.3275862 0.3321839 0.3413793 0.345977 0.3482759 0.3448276 0.3482759 0.3390805 0.337931 0.3425287 0.337931 0.3402299 0.3275862 0.3264368 0.3287356 0.3252873 0.3241379 0.3241379 0.3252873 0.3241379 0.3229885 0.3287356 0.3298851 0.3310345 0.3298851 0.3310345 0.3390805 0.3310345 0.3356322 0.3356322 0.345977 0.3517241 0.3471264 0.3367816 0.3471264
