lucc_shape/img/ascii_files/slope.txt
ncols         303
nrows         392
xllcorner     182592.33643186
yllcorner     3271602.003708
cellsize      200
NODATA_value  -9999
[rows 260 to 285 of 392, columns 232 to 289 of 303]
0.01134808 0.002169392 0.002874019 0.02331234 0.04553577 0.03556704 0.02877074 0.02464795 0.02053569 0.01750518 0.009481793 0.03882653 0.05583818 0.05248614 0.05163206 0.025808 0.0157442 0.01205749 0.02651147 0.03117774 0.03344058 0.05092072 0.03246672 0.006448955 0.02183209 0.075109 0.01609728 0.05705293 0.009631963 0.05925107 0.08107814 0.05682842 0.03435505 0.02724187 0.0130212 0.006448955 0.08722275 0.07215983 0.03793801 0.04721247 0.02085803 0.01609728 0.0249114 0.01442011 0.01474911 0.01199832 0.03199322 0.01841451 0.007998929 0.0151767 0.01687346 0.01823997 0.01696798 0.01975537 0.02827879 0.02331978 0.02730051 0.0312345
0.003717401 0.003744104 0.01130946 0.02536784 0.03712176 0.02577106 0.02573226 0.02437301 0.02372265 0.02599791 0.02740826 0.04312472 0.06177971 0.0508558 0.02578231 0.02133546 0.02947266 0.03179823 0.03181823 0.03770326 0.02862457 0.02558772 0.02621186 0.01788578 0.04306927 0.06557348 0.01131214 0.04724631 0.02861608 0.007998929 0.0326365 0.07151518 0.0328319 0.01696798 0.03998965 0.04190282 0.05654654 0.06975164 0.06843407 0.05213537 0.02730051 0.03682596 0.04034786 0.02290459 0.008943063 0.01442011 0.02640722 0.01442011 0.02604133 0.01999678 0.0151767 0.008943063 0.02093456 0.02640722 0.04117154 0.02933356 0.03374457 0.01648994
0.01351561 0.0078318 0.009450344 0.02560536 0.03153124 0.01617396 0.02060526 0.01694806 0.012677 0.0147472 0.02760444 0.03587549 0.0351258 0.03215865 0.01495502 0.01449699 0.02569561 0.03792059 0.05648571 0.04205417 0.002446876 0.01154378 0.03453279 0.0356344 0.02325109 0.04128787 0.0458382 0.00399948 0.04292054 0.02212318 0.00399948 0.03087405 0.05019878 0.03527361 0.02153707 0.0101179 0.01901278 0.06579235 0.07584936 0.04513535 0.02161121 0.01975537 0.02331978 0.01797498 0.02911468 0.01362155 0.02153707 0.008943063 0.01199832 0.02325109 0.03472539 0.01687346 0.04046655 0.01145266 0.03297768 0.02406234 0.02331978 0.03040432
0.01089427 0.006410105 0.007417329 0.01069466 0.02942076 0.02679085 0.03011063 0.03068733 0.022847 0.006963959 0.005615027 0.01527497 0.01258405 0.03634615 0.03254986 0.03758009 0.02298665 0.03228654 0.05691971 0.04638093 0.01580746 0.03037997 0.04113767 0.03922268 0.01131214 0.03599157 0.05821732 0.04442137 0.03599157 0.03868914 0.005656112 0.01442011 0.04171162 0.05554867 0.03035169 0.01901278 0.04704288 0.02724187 0.01696798 0.01087967 0.0130212 0.01797498 0.01131214 0.01788578 0.02827879 0.01788578 0.01609728 0.01599761 0.00399948 0.01999678 0.03686935 0.01619634 0.05061099 0.007998929 0.02093456 0.0101179 0.007998929 0.0377267
0.004541753 0.01055651 0.01548 0.01677256 0.02456425 0.02500584 0.02374746 0.02741665 0.02914795 0.01995892 0.02101331 0.02244198 0.03317586 0.05797124 0.06794962 0.05110952 0.03062988 0.04377871 0.04591588 0.04198894 0.0346688 0.03578027 0.01408991 0.02949666 0.02039276 0.01967425 0.03793801 0.05943953 0.05919711 0.01967425 0.01823997 0.005058983 0.04680443 0.04306927 0.04250886 0.03513736 0.0575826 0.01975537 0.01901278 0.008943063 0.02911468 0.02883875 0.01934634 0.02325109 0.02529365 0.01042929 0.009120168 0.00536586 0.0130212 0.01926349 0.03950698 0.04798483 0.03938539 0.01042929 0.01687346 0.007374654 0.01599761 0.02212318
0.00538181 0.01085076 0.01745365 0.0151165 0.01597312 0.02528358 0.03966978 0.04209432 0.03712536 0.01773694 0.005025293 0.01113512 0.02957027 0.03527655 0.04439396 0.03535243 0.02805472 0.04596819 0.03477155 0.04519288 0.04237892 0.02647525 0.0215367 0.0101179 0.04239589 0.02799461 0.01042929 0.01131214 0.03341122 0.04018905 0.01788578 0.02911468 0.05123867 0.02541979 0.0380222 0.0843204 0.05994807 0.03686935 0.01823997 0.02706518 0.02883875 0.01042929 0.01687346 0.02724187 0.02432675 0.007998929 0.01073164 0.006448955 0.01867326 0.006448955 0.01934634 0.03454072 0.01474911 0.01289778 0.01619634 0.01788578 0.02827879 0.03374457
0.01019983 0.01030673 0.009479366 0.004899298 0.01587987 0.03192886 0.04498865 0.03508483 0.02735532 0.005691024 0.009379277 0.001842823 0.03071488 0.04637131 0.0499776 0.0349745 0.006790087 0.03262151 0.02823946 0.05369939 0.04567915 0.03213603 0.005376532 0.07124672 0.0667564 0.03827367 0.007998929 0.01867326 0.0397088 0.03527361 0.02175871 0.01087967 0.04190282 0.01770602 0.0463928 0.06321684 0.03922268 0.04987937 0.02658828 0.02146269 0.0130212 0.0151767 0.03454072 0.03045687 0.01252021 0.001788624 0.008943063 0.01289778 0.01396938 0.02799461 0.03513736 0.01264732 0.0151767 0.0151767 0.03416837 0.04054549 0.02658828 0.02153707
0.005939881 0.003072807 0.009254731 0.005425943 0.01484607 0.02733852 0.0439933 0.03575143 0.02862621 0.01600504 0.004329376 0.01324094 0.0181854 0.02539145 0.01588773 0.01441408 0.02353165 0.01851887 0.0176923 0.05100063 0.03743382 0.03030221 0.05546939 0.07117944 0.05061099 0.06089996 0.02688734 0.03040432 0.01687346 0.01252021 0.03224215 0.03199322 0.04502898 0.03416837 0.05123867 0.05198188 0.02325109 0.03549954 0.01696798 0.02325109 0.01999678 0.02799461 0.04174993 0.0202353 0.003577245 0.009631963 0.006448955 0.01788578 0.008943063 0.05997472 0.04148102 0.03087405 0.01867326 0.01199832 0.01131214 0.01926349 0.03950698 0.03045687
0.01168026 0.01286519 0.01217357 0.007364592 0.01061471 0.02302627 0.04721682 0.04173695 0.02497108 0.02472134 0.0200951 0.03151997 0.04496641 0.0369365 0.01852866 0.01841244 0.02392341 0.01270561 0.01150694 0.04408477 0.02827504 0.01658108 0.04117154 0.07330152 0.06459172 0.04186465 0.03398067 0.04354912 0.01474911 0.02960489 0.008943063 0.01362155 0.02861608 0.04299498 0.04295778 0.02827879 0.02039276 0.03454072 0.01131214 0.02658828 0.01648994 0.03938539 0.03549954 0.01867326 0.02039276 0.04078139 0.05222725 0.05207403 0.04054549 0.07244695 0.03581343 0.03852349 0.03868914 0.02604133 0.02386212 0.0438418 0.0323906 0.001788624
0.006338682 0.005358152 0.0008222036 0.004748676 0.01387252 0.02168435 0.04950591 0.05428914 0.02361824 0.03458475 0.03762276 0.02445211 0.01562155 0.007429421 0.007053517 0.01346045 0.02400449 0.02172927 0.02023772 0.03515527 0.02614568 0.01257446 0.01967425 0.02386212 0.001788624 0.01975537 0.03621301 0.06079493 0.03128565 0.01442011 0.01788578 0.0130212 0.003577245 0.02331978 0.02241048 0.00399948 0.01289778 0.04054549 0.01474911 0.04190282 0.03360211 0.05943953 0.04148102 0.01264732 0.04841593 0.05766579 0.05334743 0.06481391 0.06050516 0.05035772 0.01362155 0.04174993 0.04831678 0.002529495 0.01823997 0.04085972 0.01131214 0.01599761
0.002162259 0.006700311 0.006798047 0.00733815 0.003546783 0.008750574 0.04358567 0.0616575 0.03372016 0.04316721 0.02804326 0.02145771 0.02743813 0.008676827 0.01644913 0.01701941 0.02859766 0.03725093 0.02799007 0.02884656 0.02944044 0.01266873 0.006448955 0.02161121 0.01087967 0.02325109 0.01131214 0.03905929 0.03513736 0.02640722 0.02325109 0.01648994 0.01131214 0.00399948 0.005058983 0.006448955 0.01131214 0.04190282 0.01145266 0.04987937 0.01648994 0.05968096 0.05283571 0.06593786 0.06803615 0.02793743 0.01042929 0.02039276 0.04018905 0.02730051 0.005656112 0.03224215 0.04148102 0.0312345 0.01145266 0.02735902 0.02175871 0.008943063
0.01014755 0.004730706 0.007986986 0.006017117 0.005741707 0.01102851 0.02920817 0.06141382 0.05702112 0.04549401 0.02319625 0.02916618 0.04416686 0.04084821 0.0301882 0.02267558 0.02648387 0.03423867 0.008392 0.01027675 0.019229 0.01823997 0.01396938 0.02604133 0.01797498 0.02212318 0.01538603 0.02161121 0.009631963 0.01867326 0.03199322 0.03669548 0.03326734 0.02161121 0.01073164 0.009120168 0.01648994 0.02976649 0.02183209 0.05086299 0.04694084 0.0719604 0.09017278 0.07637378 0.03224215 0.01648994 0.01145266 0.01252021 0.01474911 0.01396938 0.01131214 0.01770602 0.02093456 0.02776517 0.01761546 0.02262357 0.03087405 0.01199832
0.01001381 0.008339066 0.006394943 0.003221703 0.002725096 0.007471846 0.007767322 0.05371249 0.09097752 0.06085604 0.03763739 0.04896846 0.0457869 0.02925005 0.01347994 0.01068697 0.02205306 0.02191975 0.009753083 0.01136917 0.01648994 0.00399948 0.01042929 0.01289778 0.01648994 0.01823997 0.02604133 0.02153707 0.01199832 0.01264732 0.01145266 0.006448955 0.01901278 0.0323906 0.02386212 0.0101179 0.01538603 0.01975537 0.03905929 0.06815343 0.03852349 0.01867326 0.002529495 0.005058983 0.01442011 0.01619634 0.01087967 0.00399948 0.01442011 0.01648994 0.009120168 0.01474911 0.01696798 0.02682779 0.01131214 0.009120168 0.02406234 0.02161121
0.01029172 0.007779758 0.003478675 0.006347485 0.005335952 0.01444735 0.01774094 0.05406956 0.1221159 0.06358827 0.02127469 0.02941936 0.01745833 0.01506299 0.01224763 0.004166877 0.01678603 0.01155157 0.007718128 0.00399948 0.008943063 0.01599761 0.008943063 0.005656112 0.01687346 0.01770602 0.0160975 0.02686919 0.02976686 0.02080458 0.009631963 0.02331978 0.01619634 0.02776517 0.02889415 0.00399948 0.01528172 0.01975537 0.02658828 0.04569849 0.007154468 0.03184292 0.01199832 0.01538603 0.01199832 0.01788578 0.01474911 0.005058983 0.01442011 0.0101179 0.00536586 0.01264732 0.02529365 0.03040432 0.007588455 0.007154468 0.01788578 0.01934634
0.003653805 0.007208863 0.009699987 0.007629885 0.01136279 0.004391494 0.02398738 0.09926995 0.1112399 0.03575905 0.01894087 0.02214237 0.01895807 0.01727103 0.009232863 0.00730347 0.01589764 0.01546971 0.01419466 0.00399948 0.006448955 0.01999678 0.01823997 0.01131316 0.02294252 0.0158868 0.003063291 0.01449773 0.02905144 0.03707154 0.02354818 0.01648994 0.0151767 0.03576876 0.02153707 0.01264732 0.02432675 0.04321749 0.03926342 0.03686935 0.009631963 0.03224215 0.01442011 0.02153707 0.02658828 0.02604133 0.01648994 0.009120168 0.01145266 0.008943063 0.007154468 0.007154468 0.03045687 0.03077029 0.005656112 0.008943063 0.01999678 0.01926349
0.009016737 0.01406145 0.01209382 0.01316161 0.01038 0.002189284 0.06822366 0.1100456 0.05217145 0.02215396 0.02118602 0.01388273 0.01354024 0.01365177 0.007667481 0.006104501 0.008075175 0.00862019 0.0154632 0.005815844 0.001797448 0.01372023 0.01475753 0.02978262 0.03699379 0.02578044 0.01610219 0.01304144 0.0178453 0.03385072 0.02944367 0.01087967 0.01145266 0.02183209 0.01396938 0.03040432 0.03045687 0.02782271 0.04078139 0.0328319 0.01087967 0.03454072 0.03759935 0.0397088 0.05185875 0.05508647 0.04171162 0.01648994 0.007998929 0.01073164 0.01252021 0.007154468 0.02161121 0.0397088 0.03472539 0.03045687 0.01087967 0.02276451
0.007897814 0.01269623 0.01122661 0.01071935 0.002334623 0.0108109 0.0898 0.09207086 0.01674728 0.02239799 0.01674751 0.009813501 0.01360479 0.01557532 0.01065806 0.006447484 0.006111281 0.006326348 0.01412732 0.01032141 0.004542566 0.008608821 0.01885415 0.03071286 0.027503 0.02314395 0.02146395 0.01732038 0.01744432 0.02893211 0.02908093 0.01392783 0.01528172 0.03224215 0.05123867 0.05520238 0.03926342 0.01901278 0.00399948 0.008943063 0.03341122 0.05997472 0.0667564 0.05508647 0.04559343 0.03416837 0.03686935 0.02658828 0.007374654 0.009120168 0.01145266 0.01042929 0.02262357 0.04018905 0.04190282 0.01430876 0.02153707 0.02529365
0.009023868 0.003831561 0.008616318 0.005746101 0.001503826 0.0295507 0.09500622 0.07272761 0.01454727 0.02229488 0.01263879 0.006576303 0.01456542 0.01740608 0.01271891 0.007255003 0.007016117 0.005317077 0.01012539 0.01934936 0.006215998 0.01084938 0.00716693 0.02120215 0.009097585 0.008657232 0.01413514 0.01901247 0.0178322 0.01817918 0.02193793 0.01740514 0.007998929 0.03398067 0.04751619 0.03926342 0.03288056 0.02861608 0.01264732 0.01442011 0.03998965 0.05222725 0.04365911 0.01087967 0.005058983 0.0151767 0.04721247 0.02276451 0.00399948 0.01145266 0.01289778 0.008943063 0.02579451 0.03128565 0.03219252 0.03077029 0.0312345 -9999
0.001365178 0.006924661 0.003354265 0.005616742 0.00555685 0.05692936 0.08962545 0.04252331 0.0168224 0.02215001 0.01759713 0.01510913 0.02004989 0.02402138 0.02479051 0.02037055 0.01591631 0.01375937 0.01925378 0.03365128 0.02920812 0.02896838 0.01884058 0.01290665 0.01219465 0.03384283 0.0448243 0.03487081 0.02113953 0.01050606 0.0125842 0.03429559 0.02591305 0.04920185 0.02688734 0.01264732 0.007588455 0.03682596 0.01528172 0.01145266 0.04054549 0.03341122 0.05213537 0.06547596 0.05838176 0.04559343 0.03297768 0.01264732 0.01538603 0.01474911 0.02146269 0.01264732 0.02432675 0.03045687 0.008943063 0.01975537 -9999 -9999
0.006233854 0.004323744 0.005262583 0.005631344 0.009117668 0.0728977 0.0742697 0.02235175 0.02417449 0.02281371 0.01707711 0.01480663 0.01414645 0.02022215 0.02836625 0.03055091 0.02785815 0.02176689 0.0216515 0.0297056 0.03998597 0.04120886 0.03065362 0.01675178 0.02194592 0.03391176 0.02999755 0.02866368 0.02200735 0.01308047 0.03342995 0.05196327 0.05315714 0.05188956 0.01841451 0.01687346 0.02861608 0.03860641 0.01042929 0.007998929 0.03374457 0.02146269 0.01264732 0.01770602 0.01474911 0.02949666 0.02153707 0.01042929 0.01648994 0.008943063 0.01926349 0.0326365 0.04502898 0.03440156 0.01841451 -9999 -9999 -9999
0.01127557 0.005941447 0.006294297 0.002189525 0.007415655 0.07152732 0.06530702 0.01709179 0.02185553 0.02054946 0.01747665 0.01809088 0.00576908 0.003352009 0.01281185 0.01710492 0.01913096 0.01170796 0.009905826 0.01314492 0.02118664 0.01884518 0.02543071 0.02133268 0.02594399 0.03551153 0.03727385 0.01558601 0.02080673 0.05004804 0.0372973 0.02789142 0.03408122 0.0315415 0.02039276 0.03905929 0.03934478 0.02867191 0.01131214 0.01087967 0.01648994 0.02153707 0.02386212 0.04295778 0.03326734 0.03440156 0.002529495 0.008943063 0.007374654 0.01901278 0.03045687 0.0491043 0.03938539 0.0326365 -9999 -9999 -9999 -9999
0.005784781 0.0031067 0.005264608 0.01124193 0.01346907 0.05142435 0.05823889 0.03916731 0.04065182 0.04691047 0.056446 0.06596429 0.06150727 0.03723156 0.02065453 0.01952161 0.01859733 0.01810887 0.02577259 0.04176961 0.04723734 0.03717146 0.03351532 0.03438439 0.02307583 0.02661053 0.03653728 0.02658751 0.04837282 0.06279762 0.02118535 0.01546419 0.01497869 0.006023162 0.03599157 0.03868914 0.03077029 0.009631963 0.01145266 0.01538603 0.02331978 0.03581343 0.02352462 0.03077029 0.007998929 0.03416837 0.009120168 0.02241048 0.02604133 0.009631963 0.02262357 0.04513535 0.01442011 -9999 -9999 -9999 -9999 -9999
0.003916177 0.002270369 0.007209212 0.01356393 0.01193493 0.02956818 0.04087206 0.05411653 0.05802654 0.06340002 0.07172477 0.07545167 0.07392266 0.05767933 0.02864951 0.0204812 0.02344862 0.03069448 0.04657724 0.05753824 0.05241724 0.04119379 0.04085967 0.04014967 0.02525719 0.0250799 0.02463471 0.04166602 0.0711291 0.05206934 0.02262475 0.01751571 0.009070255 0.02536011 0.02331978 0.0312345 0.03513736 0.01823997 0.01538603 0.02406234 0.04085972 0.02883875 0.00399948 0.01975537 0.01841451 0.0305617 0.01199832 0.03398067 0.03045687 0.03440156 0.007998929 -9999 -9999 -9999 -9999 -9999 -9999 -9999
0.00449019 0.006821499 0.008786485 0.005926213 0.01544462 0.02091706 0.01447703 0.02577613 0.02962321 0.02514669 0.01866719 0.0178331 0.03894727 0.06031728 0.04082099 0.03121128 0.0421868 0.04934386 0.04885094 0.03445649 0.02009382 0.03265037 0.05429368 0.04639167 0.04875637 0.02468196 0.0261472 0.05336951 0.05722656 0.02869736 0.01608205 0.01081175 0.02113612 0.02755724 0.01042929 0.01696798 0.03522825 0.03686935 0.02325109 0.01442011 0.05473725 0.01087967 0.008943063 0.01442011 0.002529495 0.01528172 0.02386212 0.02976649 0.01087967 0.02658828 -9999 -9999 -9999 -9999 -9999 -9999 -9999 -9999
0.01003277 0.008531871 0.006204784 0.004474807 0.0140731 0.01374352 0.006369823 0.0105952 0.01907109 0.02712817 0.0293023 0.01169058 0.02021138 0.04906403 0.04677159 0.04601654 0.04477653 0.03734932 0.02097913 0.004326729 0.00458851 0.01653652 0.06260034 0.06095038 0.04681545 0.02271642 0.06078859 0.04106326 0.02148655 0.005272462 0.01596802 0.02117866 0.01916137 0.02163222 0.01289778 0.003577245 0.02889415 0.05161162 0.03224215 0.02432675 0.05943953 0.02093456 0.01145266 0.02212318 0.0130212 0.003577245 0.008943063 0.03045687 0.02730051 -9999 -9999 -9999 -9999 -9999 -9999 -9999 -9999 -9999
0.007024395 0.00455623 0.003151769 0.006231042 0.01880651 0.03304798 0.05517543 0.07164006 0.06834122 0.05891765 0.04841619 0.04075158 0.02768241 0.01759848 0.0264507 0.03126175 0.01644307 0.007003315 0.011801 0.01338587 0.01641444 0.01282111 0.04949562 0.06750841 0.05905776 0.06848112 0.0576823 0.02101327 0.007675808 0.01247105 0.01793395 0.01929898 0.01011134 0.02125926 0.01868073 0.01696798 0.03040432 0.05600705 0.04933162 0.03621301 0.0608212 0.04653041 0.02867191 0.04078139 0.0568003 0.05185875 0.04078139 0.04442137 -9999 -9999 -9999 -9999 -9999 -9999 -9999 -9999 -9999 -9999
