lucc_shape/img/ascii_files/slope.txt
ncols         303
nrows         392
xllcorner     182592.33643186
yllcorner     3271602.003708
cellsize      200
NODATA_value  -9999
[rows 260 to 285 of 392, columns 174 to 231 of 303]
0.005791182 0.00978756 0.00399948 0.003789696 0.007791972 0.004828288 0.008943063 0.009120168 0.006448955 0.007998929 0.009631963 0.01696798 0.008943063 0.007374654 0.002529495 0.01823997 0.002529495 0.01648994 0.007588455 0.003577245 0.007998929 0.01442011 0.007154468 0.002529495 0.00399948 0.01199832 0.005656112 0.01042929 0.00399948 0.007588455 0.005058983 0 0.01538603 0.01145266 0.01145266 0.02183209 0.007588455 0.01087967 0.008943063 0.001788624 0.003577245 0.01823997 0.01289778 0.02262357 0.003577245 0.009120168 0.003577245 0.008943063 0.009631963 0.009120168 0.02241048 0.01282831 0.009867059 0.004969644 0.007017554 0.007107365 0.01198086 0.01042414
0.007374654 0.01042929 0.003577245 0.003577245 0.008943063 0.01264732 0.006448955 0.008943063 0.002529495 0.00399948 0.005058983 0.01867326 0.01131214 0.01289778 0.01609728 0.007588455 0.01073164 0.002529495 0.01042929 0.01087967 0.007374654 0.007998929 0.008943063 0.008943063 0.00399948 0.007374654 0.007374654 0.002529495 0.005656112 0.003577245 0.00399948 0 0.01042929 0.01841451 0.01042929 0.02399579 0.007998929 0.01264732 0.007998929 0.009631963 0.001788624 0.007998929 0.007374654 0.01362155 0.00536586 0.009120168 0.01131214 0.009120168 0.007154468 0.005656112 0.01934634 0.01130494 0.006427548 0.004352657 0.007599684 0.01001149 0.00853725 0.01389294
0.01042929 0.008943063 0.005058983 0.00399948 0.002529495 0.007588455 0.00399948 0.009631963 0.00399948 0.00399948 0.002529495 0.01145266 0.01042929 0.007588455 0.00536586 0.01396938 0.007998929 0.00399948 0.003577245 0.01073164 0.007998929 0.005656112 0.002529495 0.00399948 0.003577245 0.005058983 0.009120168 0.007998929 0.00536586 0.01131214 0.008943063 0.007374654 0.003577245 0.02085803 0.001788624 0.02085803 0.007374654 0.006448955 0.003577245 0.007998929 0.007588455 0.007998929 0.01252021 0.009120168 0.0130212 0.01042929 0.01442011 0.01442011 0.0130212 0.008943063 0.006448955 0.0130212 0.001339476 0.00681052 0.01033451 0.009078353 0.00999423 0.01070384
0.01289778 0.007154468 0.007998929 0.01042929 0.00536586 0.009120168 0.002529495 0.008943063 0.005656112 0.001788624 0.005656112 0.005656112 0.0151767 0 0.01362155 0.01042929 0.005656112 0.008943063 0.00399948 0.00399948 0.008943063 0.008943063 0.007998929 0.007998929 0.007374654 0.002529495 0.003577245 0.007588455 0.008943063 0.01619634 0.008943063 0.007998929 0.01073164 0.02175871 0.005656112 0.01538603 0.00399948 0.006448955 0.00536586 0.00399948 0.007998929 0.01145266 0.01528172 0.01687346 0.01823997 0.01199832 0.009631963 0.006448955 0.001788624 0.001788624 0.001788624 0.009631963 0.01396938 0.005359416 0.01392251 0.008909427 0.0132775 0.007033797
0.0101179 0.003577245 0.001788624 0.01199832 0.01042929 0.009631963 0.005656112 0.006448955 0.007374654 0.003577245 0.005656112 0.01042929 0.01788578 0.01788578 0.01975537 0.02432675 0.003577245 0.02039276 0.007374654 0.002529495 0.001788624 0.00399948 0.01087967 0.01199832 0.01131214 0.00399948 0.002529495 0.001788624 0.001788624 0.009120168 0.01362155 0.007588455 0.02161121 0.02331978 0.02325109 0.01538603 0.006448955 0.00399948 0.007374654 0.005656112 0.007374654 0.006448955 0.009120168 0.01442011 0.01696798 0.01264732 0.005656112 0.007998929 0.01042929 0.007998929 0.001788624 0.00399948 0.01926349 0.01090142 0.01588221 0.00971344 0.01813342 0.001720446
0.009120168 0.005656112 0.001788624 0.007374654 0.008943063 0.005656112 0.003577245 0.006448955 0.005656112 0.008943063 0.00399948 0.001788624 0.008943063 0.006448955 0.005058983 0.02161121 0.01788578 0.01696798 0.001788624 0.006448955 0.005656112 0.009631963 0.005058983 0.01609728 0.01619634 0.00399948 0.006448955 0.00399948 0.00399948 0.007374654 0.01396938 0.02039276 0.02510325 0.01442011 0.02782271 0.01901278 0.0101179 0.007374654 0.007998929 0.008943063 0.005656112 0.00399948 0.009120168 0.01599761 0.007374654 0.009120168 0.009120168 0.005058983 0.01396938 0.01396938 0.007998929 0.005058983 0.01289778 0.005058983 0.01684853 0.004873303 0.01769334 0.006434541
0.01145266 0.005058983 0.007154468 0.006448955 0.005656112 0.01199832 0.003577245 0.008943063 0.01648994 0.01145266 0.007998929 0 0.00399948 0.01788578 0.02183209 0.007374654 0.008943063 0.007998929 0.005656112 0.009631963 0.01442011 0.01131214 0.005058983 0.02161121 0.006448955 0.007998929 0.01252021 0.008943063 0.007154468 0.006448955 0.00399948 0.01264732 0.01474911 0.007154468 0.02386212 0.01538603 0.01042929 0.01042929 0.00399948 0.009120168 0.006448955 0.005656112 0.00536586 0.01396938 0.006448955 0.01087967 0.006448955 0.01131214 0.0130212 0.01396938 0.01073164 0 0.008943063 0.007588455 0.0118549 0.01857844 0.01081588 0.007687242
0.01199832 0.007374654 0.00399948 0.003577245 0 0.01087967 0.006448955 0.007998929 0.00399948 0.007998929 0.007374654 0.006448955 0.01145266 0.02241048 0.007998929 0.02039276 0.006448955 0.006448955 0.005656112 0.01087967 0.007998929 0.00536586 0.0101179 0.01841451 0.01042929 0.02153707 0.01867326 0.01131214 0.01042929 0.005058983 0.01087967 0.0130212 0.01145266 0.01648994 0.01289778 0.007998929 0.006448955 0.009120168 0.00536586 0.00399948 0.009120168 0.01145266 0.01770602 0.01289778 0.006448955 0.001788624 0.01145266 0.006448955 0.01264732 0.008943063 0.01362155 0.00399948 0.009631963 0.01619634 0.009999335 0.003014694 0.00814489 0.002180877
0.007374654 0.01087967 0.006448955 0.007374654 0.007998929 0.005656112 0.01042929 0.007374654 0.009120168 0.009631963 0.003577245 0 0.01687346 0.01823997 0.01648994 0.01926349 0.00536586 0.006448955 0.007998929 0.002529495 0.01131214 0.007998929 0.006448955 0.01252021 0.01289778 0.01696798 0.006448955 0.007998929 0.01442011 0.00536586 0.01696798 0.007374654 0.005656112 0.007374654 0.007154468 0.01087967 0.00399948 0.006448955 0.007998929 0.00399948 0.01474911 0.01264732 0.005656112 0.009631963 0.009120168 0.005058983 0.00399948 0.005656112 0.009120168 0.01145266 0.007374654 0.001788624 0.001788624 0.007154468 0.01555633 0.01310749 0.008266955 0.01065764
0.005058983 0.00399948 0.01131214 0.009631963 0.01442011 0.007588455 0.01696798 0.007588455 0.007154468 0.01442011 0.007588455 0.006448955 0.01362155 0.0130212 0.002529495 0.01648994 0.009631963 0.00536586 0.007998929 0.009120168 0.007374654 0.00399948 0.006448955 0.0151767 0.01648994 0.005656112 0.005656112 0.007374654 0.0101179 0.005656112 0.01687346 0.009120168 0.01619634 0.007374654 0.005058983 0.009120168 0.007374654 0.01073164 0.007154468 0.008943063 0.008943063 0.01289778 0.009631963 0.01442011 0.005656112 0.007998929 0.001788624 0.002529495 0.005656112 0.007998929 0.006448955 0.002529495 0.006448955 0.007998929 0.01131924 0.01862839 0.004020147 0.007223764
0.002529495 0.001788624 0.006448955 0.007998929 0.009120168 0.001788624 0.01087967 0.01145266 0.007588455 0.01999678 0.005058983 0.007588455 0.007588455 0.01131214 0.01087967 0.01648994 0.0130212 0.009120168 0.007374654 0.0130212 0.01687346 0.01442011 0.01131214 0.009631963 0.009120168 0.005656112 0.001788624 0.001788624 0.007588455 0.01199832 0.009631963 0.01264732 0.01362155 0.01042929 0.007374654 0.007374654 0.003577245 0.007154468 0.001788624 0.007154468 0.01442011 0.01474911 0.01264732 0.01609728 0.01442011 0.007154468 0.00399948 0.00536586 0.007998929 0.009120168 0.009120168 0.008943063 0.009631963 0.009631963 0.01379647 0.01140411 0.004470792 0.002237782
0.00399948 0.007154468 0.007374654 0.01042929 0.001788624 0.00399948 0.002529495 0.005656112 0.005656112 0.01264732 0.01538603 0.007374654 0.005656112 0.00399948 0.0101179 0.01619634 0.01073164 0.01087967 0.002529495 0.007154468 0.00399948 0.006448955 0.002529495 0.005058983 0.007374654 0.00399948 0.007998929 0.01042929 0.01042929 0.008943063 0.002529495 0.01648994 0.009120168 0.01934634 0.005656112 0.009631963 0.0130212 0.006448955 0.00399948 0.006448955 0.006448955 0.001788624 0.008943063 0.002529495 0.01252021 0.008943063 0.006448955 0.009631963 0.009120168 0.006448955 0.002529495 0.009631963 0.00536586 0.00536586 0.01076863 0.007014811 0.002757008 0.003410588
0.01073164 0.01131214 0.00399948 0.01528172 0.007998929 0.008943063 0.00399948 0.00399948 0.007588455 0.002529495 0.006448955 0.01528172 0.007998929 0.001788624 0.00536586 0.01042929 0.007998929 0.007998929 0.007998929 0.00399948 0.009120168 0.008943063 0.005058983 0.007374654 0.005058983 0.006448955 0.008943063 0.01199832 0.007998929 0.009631963 0.00399948 0.01841451 0.007154468 0.02161121 0.01264732 0.01362155 0.007998929 0.007374654 0.005058983 0.001788624 0.002529495 0.005058983 0.002529495 0.01042929 0.005058983 0.01073164 0.00399948 0.00399948 0.005656112 0.002529495 0.006448955 0.00399948 0.008943063 0.005656112 0.01085322 0.009968395 0.003851932 0.003011002
0.007374654 0.01619634 0.007374654 0.01396938 0.001788624 0.006448955 0.00536586 0.009631963 0.006448955 0.007154468 0.006448955 0.01145266 0.008943063 0.009120168 0.00399948 0.01599761 0.01264732 0.002529495 0.01087967 0.005058983 0.009631963 0.01145266 0.01648994 0.006448955 0.005656112 0.006448955 0.006448955 0.002529495 0.005058983 0.007998929 0.00399948 0.01648994 0.003577245 0.01934634 0.001788624 0.001788624 0.002529495 0.00399948 0.00536586 0.001788624 0.00399948 0.002529495 0.008943063 0.009120168 0.006448955 0.009631963 0.00399948 0.00399948 0.00399948 0.00399948 0.009120168 0.00399948 0.007374654 0.007998929 0.009120168 0.004658047 0.003501091 0.006579373
0.001788624 0.009631963 0.01087967 0.01042929 0.001788624 0.002529495 0.009631963 0.01362155 0.007154468 0.009120168 0.0130212 0.01131214 0.01396938 0.01975537 0.01199832 0.01648994 0.0101179 0.003577245 0.006448955 0.006448955 0.009120168 0.01474911 0.01538603 0.008943063 0.01131214 0.007998929 0.007154468 0.001788624 0.005058983 0.00399948 0.003577245 0.01396938 0.007154468 0.02262357 0.007374654 0.00399948 0.003577245 0.00536586 0.005656112 0.001788624 0.005058983 0.007998929 0.003577245 0.002529495 0.01042929 0.009120168 0.005656112 0.005656112 0.005058983 0.005058983 0.005656112 0 0.007998929 0.007154468 0.006448955 0.006864513 0.01169186 0.006341608
0.001788624 0.001788624 0.01131214 0.01042929 0.00536586 0.002529495 0.005656112 0.006448955 0.007154468 0.002529495 0.005058983 0.007588455 0.007374654 0.01687346 0.01042929 0.01131214 0.001788624 0.005656112 0.009631963 0.007588455 0.00399948 0.009120168 0.01474911 0.01528172 0.01087967 0.00536586 0.00399948 0.002529495 0.005656112 0.007374654 0.00399948 0.01199832 0.0151767 0.01797498 0.01788578 0.00399948 0.00536586 0.008943063 0.00399948 0.001788624 0.00399948 0.005656112 0.007374654 0.01042929 0.01264732 0.01042929 0.002529495 0.001788624 0.001788624 0 0.001788624 0.001788624 0.007374654 0.00399948 0.00536586 0.01474911 0.01577162 0.005610455
0.002529495 0.003577245 0.00399948 0.00536586 0.00536586 0.005058983 0.003577245 0.001788624 0.00399948 0.001788624 0.002529495 0.001788624 0.007588455 0.01289778 0.00399948 0.001788624 0.002529495 0.007998929 0.005656112 0.002529495 0.007154468 0.01087967 0.008943063 0.01042929 0.009631963 0.00399948 0.00536586 0.005656112 0.002529495 0.01199832 0 0.01131214 0.01648994 0.005058983 0.01687346 0.008943063 0.007998929 0.00399948 0.008943063 0.006448955 0.006448955 0.006448955 0.007588455 0.01199832 0.007154468 0.007998929 0.00399948 0.001788624 0.00536586 0.00399948 0.002529495 0.00536586 0.006448955 0.007998929 0.007998929 0.02085803 0.01131612 0.005212637
0.007588455 0.007998929 0.005058983 0.00536586 0.006448955 0.007588455 0.008943063 0.007588455 0.002529495 0.007154468 0.01145266 0.01145266 0.01264732 0.01442011 0.009631963 0.009120168 0.01362155 0.01289778 0.01264732 0.00536586 0.01145266 0.005656112 0.007374654 0 0.005058983 0.003577245 0.007154468 0.009120168 0.006448955 0.01264732 0.01474911 0.02175871 0.01362155 0.007588455 0.01442011 0.008943063 0.008943063 0.008943063 0.005058983 0.00399948 0.002529495 0.003577245 0.007998929 0.002529495 0.007154468 0.001788624 0.007998929 0.008943063 0.00399948 0.002529495 0.007998929 0.005058983 0.003577245 0.01199832 0.008943063 0.03360211 0.008291909 0.01137049
0.003577245 0.002529495 0.002529495 0.00536586 0.001788624 0.001788624 0.007998929 0.008943063 0.007374654 0.007374654 0.001788624 0 0.007374654 0.009120168 0.01264732 0.009120168 0.009120168 0.00399948 0.007998929 0.01619634 0.01073164 0.001788624 0.008943063 0 0.007998929 0.003577245 0.006448955 0.007998929 0.005656112 0.00536586 0.01442011 0.01823997 0.009120168 0.01687346 0.01131214 0.00399948 0.01199832 0.006448955 0 0.001788624 0.008943063 0.009631963 0.00399948 0.0101179 0.008943063 0.005656112 0.001788624 0.00536586 0.009631963 0.009631963 0.009120168 0.01042929 0.005656112 0.007588455 0.005656112 0.03549954 0.01523691 0.0181364
0.00399948 0.003577245 0.00536586 0.007374654 0.00399948 0.005656112 0.005656112 0.003577245 0.00536586 0.001788624 0 0.001788624 0.005656112 0.003577245 0.01087967 0.005656112 0.005656112 0.00399948 0.005058983 0.007374654 0.002529495 0.001788624 0.009631963 0.01396938 0.007998929 0.00399948 0.00536586 0.00399948 0.009120168 0.005058983 0.01528172 0.005656112 0.02146269 0.01975537 0.003577245 0.006448955 0.00399948 0.005058983 0.002529495 0.005656112 0.009631963 0.01145266 0.005656112 0.01145266 0.007998929 0.007374654 0.007998929 0.00536586 0.00399948 0.01538603 0.006448955 0.01599761 0.001788624 0.005656112 0.008943063 0.03522825 0.007367551 0.01498032
0.001788624 0.005656112 0.00536586 0.007998929 0.00536586 0.009120168 0.005656112 0.005058983 0.005656112 0.007998929 0.01145266 0.01145266 0.01087967 0.007154468 0.005656112 0.01199832 0.01264732 0.008943063 0.007154468 0.005058983 0.003577245 0.00399948 0.007374654 0.007588455 0.007154468 0.002529495 0 0.009631963 0.001788624 0.01619634 0.007374654 0.01430876 0.01619634 0.006448955 0.001788624 0.005058983 0.009631963 0.00399948 0.003577245 0.007154468 0.007374654 0.01145266 0.00399948 0.007374654 0.01131214 0.005656112 0.002529495 0.006448955 0.007998929 0.01696798 0.005058983 0.01648994 0.00399948 0.00536586 0.01442011 0.02640722 0.002492352 0.009703591
0.009120168 0.00399948 0.002529495 0.001788624 0.0101179 0.01442011 0.008943063 0.00399948 0.00399948 0.002529495 0.006448955 0.006448955 0.01073164 0.006448955 0.00399948 0.002529495 0.006448955 0.01042929 0.01264732 0.01538603 0.01770602 0.007154468 0.01073164 0.007154468 0.00536586 0.006448955 0.005656112 0.007998929 0.01430876 0.02146269 0.0130212 0.01687346 0.002529495 0.005656112 0.00399948 0.006448955 0.002529495 0.00536586 0.002529495 0.00399948 0.007588455 0.008943063 0.003577245 0.002529495 0.005656112 0.007998929 0.001788624 0.001788624 0.001788624 0.01289778 0.002529495 0.01648994 0.008943063 0.007588455 0.01474911 0.01788578 0.004205096 0.005126515
0.007998929 0.006448955 0.001788624 0.01252021 0.01145266 0.01442011 0.01252021 0.01199832 0.01042929 0.007588455 0.01264732 0.005656112 0.007998929 0.00399948 0.00536586 0.009120168 0.0130212 0.005656112 0.005656112 0.009120168 0.008943063 0.01362155 0.007374654 0.006448955 0.001788624 0.00399948 0.01199832 0.01599761 0.01252021 0.009631963 0.01926349 0.01538603 0.005656112 0.01199832 0.007998929 0.005058983 0.001788624 0.002529495 0.006448955 0.008943063 0.01087967 0.01199832 0.009120168 0.006448955 0.001788624 0.005656112 0 0.003577245 0.007154468 0.00399948 0.01087967 0.00399948 0.01087967 0.00399948 0.008943063 0.01289778 0.007687608 0.003813675
0.00399948 0.005656112 0.008943063 0.007998929 0.00399948 0.006448955 0.01087967 0.007998929 0.008943063 0.01264732 0.009120168 0.007588455 0.009631963 0.006448955 0.009120168 0.01199832 0.007588455 0.007588455 0.00399948 0.007998929 0.01087967 0.00399948 0.006448955 0.001788624 0.003577245 0.008943063 0.009631963 0.01442011 0.009120168 0.009120168 0.01609728 0.006448955 0.01042929 0.01131214 0.0130212 0.008943063 0.003577245 0.001788624 0.005058983 0.009120168 0.009120168 0.01528172 0.01362155 0.005656112 0.005656112 0.005656112 0.006448955 0.009120168 0.00399948 0.01199832 0.01264732 0.01131214 0.008943063 0 0.006448955 0.01145266 0.008242531 0.003011387
0.00536586 0.006448955 0.00536586 0.002529495 0.002529495 0.001788624 0.007374654 0.009631963 0.01199832 0.0101179 0.01599761 0.02093456 0.01042929 0.00399948 0.007998929 0.01442011 0.01442011 0.009120168 0.007374654 0.00399948 0.001788624 0 0.002529495 0.007374654 0.00536586 0.01396938 0.007588455 0.002529495 0.01538603 0.01362155 0.007374654 0.001788624 0.008943063 0.01975537 0.01264732 0.005656112 0.00399948 0 0.001788624 0.006448955 0.01199832 0.01430876 0.01131214 0.003577245 0.00399948 0.006448955 0.009631963 0.01131214 0.009120168 0.01442011 0.01442011 0.007374654 0.006448955 0.007154468 0.009631963 0.01474911 0.01264732 0.008187393
0.005656112 0.002529495 0.001788624 0.005656112 0.007588455 0.009631963 0.01131214 0.01073164 0.009631963 0.007154468 0.01599761 0.01442011 0.01538603 0.01788578 0.01901278 0.01528172 0.006448955 0.00536586 0.005058983 0.00536586 0.003577245 0.002529495 0.003577245 0.009631963 0.007374654 0.01761546 0.008943063 0.007588455 0.02161121 0.01619634 0.01131214 0.01145266 0.01145266 0.001788624 0.01042929 0.009120168 0.003577245 0.006448955 0.005058983 0.005656112 0.005656112 0.007588455 0.008943063 0.005058983 0.002529495 0.009120168 0.01042929 0.005656112 0.007374654 0.009631963 0.0130212 0.007998929 0.007154468 0.009631963 0.001788624 0.01042929 0.01131214 0.0132721
