lucc_shape/img/ascii_files/slope.txt
ncols         303
nrows         392
xllcorner     182592.33643186
yllcorner     3271602.003708
cellsize      200
NODATA_value  -9999
[rows 156 to 181 of 392, columns 58 to 115 of 303]
0.02241048 0.00399948 0.008943063 0.01264732 0.0151767 0.00399948 0.002529495 0.01087967 0.02776517 0.02541979 0.01087967 0.01599761 0.01442011 0.01538603 0.01442011 0.01538603 0.02724187 0.02735902 0.04470833 0.01042929 0.03224215 0.007374654 0.01867326 0.01901278 0.02682779 0.01770602 0.03040432 0.01788578 0.009631963 0.006448955 0.01999678 0.03686935 0.04474407 0.03926342 0.02827879 0.01687346 0.001788624 0.00399948 0.008943063 0.02724187 0.06402037 0.04427719 0.00536586 0.003577245 0.01199832 0.01609728 0.02799461 0.01362155 0.002529495 0.01648994 0.00536586 0.007374654 0.01042929 0.01619634 0.01289778 0.005656112 0.01087967 0.01528172
0.01648994 0.006448955 0.01442011 0.007374654 0.008943063 0.00399948 0.01042929 0.01599761 0.009120168 0.009631963 0.008943063 0.009120168 0.01145266 0.0151767 0.02399579 0.02039276 0.01788578 0.02352462 0.0505794 0.04239589 0.03087405 0.007588455 0.0202353 0.005656112 0.01474911 0.02085803 0.01430876 0.008943063 0.007374654 0.01761546 0.03297768 0.04470833 0.04034786 0.02529365 0.01934634 0.01841451 0.005656112 0.003577245 0.005656112 0.02560784 0.05821732 0.04054549 0.00536586 0.007154468 0.01442011 0.01474911 0.01788578 0.01442011 0.003577245 0.01901278 0.00399948 0.003577245 0.00399948 0.01131214 0.002529495 0.005058983 0.01396938 0.005656112
0.005058983 0.01289778 0.009120168 0.008943063 0.006448955 0.006448955 0.01362155 0.01823997 0.02039276 0.01073164 0.01145266 0.01788578 0.01442011 0.01528172 0.01901278 0.02183209 0.01761546 0.02161121 0.04321749 0.04694084 0.03416837 0.02730051 0.02212318 0.008943063 0.008943063 0.01073164 0.005058983 0.01901278 0.02949666 0.04694084 0.05035772 0.04295778 0.02352462 0.01289778 0.01264732 0.008943063 0.0130212 0.01145266 0.01264732 0.0249114 0.05705293 0.04171162 0.00399948 0.006448955 0.01289778 0.01145266 0.01073164 0.02529365 0.01042929 0.01788578 0.002529495 0.007374654 0.01073164 0.01264732 0.00399948 0.00399948 0.01696798 0.007588455
0.01199832 0.007154468 0.002529495 0.01648994 0.00536586 0.009631963 0.01087967 0.001788624 0.002529495 0.01648994 0.01362155 0.01073164 0.007374654 0.009631963 0.005656112 0.007998929 0.00399948 0.009120168 0.01199832 0.008943063 0.008943063 0.01934634 0.01442011 0.01528172 0.03938539 0.04220693 0.04398741 0.05791463 0.06982029 0.06321684 0.04559343 0.02529365 0.008943063 0.002529495 0.00399948 0.01538603 0.02153707 0.02161121 0.01042929 0.03440156 0.05997472 0.0312345 0.00536586 0.001788624 0.01687346 0.02776517 0.01619634 0.01264732 0.02183209 0.02093456 0.01199832 0.01087967 0.00536586 0.007374654 0.01087967 0.005656112 0.0151767 0.001788624
0.01648994 0.01042929 0.007998929 0.01841451 0.009631963 0.01396938 0.008943063 0.0101179 0.01442011 0.00399948 0.02039276 0.02085803 0.01696798 0.01867326 0.01528172 0.007154468 0.00399948 0.01264732 0.01042929 0.005656112 0.009120168 0.006448955 0.02484711 0.04325446 0.04474407 0.03297768 0.0556349 0.07295214 0.0477176 0.01599761 0.007998929 0.007374654 0.005656112 0.01289778 0.01761546 0.02776517 0.02579451 0.02262357 0.01131214 0.04082057 0.06152635 0.02658828 0.007588455 0.01442011 0.009120168 0.01648994 0.02262357 0.007154468 0.00536586 0.009631963 0.01396938 0.01788578 0.005656112 0.003577245 0.003577245 0.009631963 0.01145266 0.00399948
0.005656112 0.01528172 0.01264732 0.00399948 0.02331978 0.01087967 0.00399948 0.009120168 0.003577245 0.01474911 0.01289778 0.01264732 0.01474911 0.01474911 0.01538603 0.007588455 0.007154468 0.002529495 0.001788624 0.003577245 0.01474911 0.01042929 0.04946105 0.04815109 0.02039276 0.01599761 0.01648994 0.01788578 0.01474911 0.008943063 0.01867326 0.0202353 0.02153707 0.01648994 0.01648994 0.01474911 0.007374654 0.03040432 0.01999678 0.03184292 0.0592241 0.04078139 0.01442011 0.01396938 0.0130212 0.01619634 0.01599761 0.008943063 0.008943063 0.00399948 0.003577245 0.01087967 0.01823997 0.01042929 0.005656112 0.01131214 0.008943063 0.009120168
0.008943063 0.02039276 0.0130212 0.01442011 0.0130212 0.01396938 0.005656112 0.003577245 0.01042929 0.01396938 0.007154468 0.007588455 0.01199832 0.02688734 0.02325109 0.01396938 0.01841451 0.01687346 0.01761546 0.01788578 0.01252021 0.003577245 0.07097723 0.04265903 0.005656112 0.02658828 0.01430876 0.01687346 0.01975537 0.02406234 0.01042929 0.006448955 0.01289778 0.03040432 0.01538603 0.00399948 0.01199832 0.01788578 0.02262357 0.01145266 0.04704288 0.05569232 0.03341122 0.005058983 0.01289778 0.01131214 0.009120168 0.009631963 0.007998929 0.00399948 0.00536586 0.0130212 0.02039276 0.01430876 0.003577245 0.01042929 0.006448955 0.01599761
0.001788624 0.01599761 0.007374654 0.00399948 0.01252021 0.01087967 0.00399948 0.01145266 0.007154468 0.008943063 0.007374654 0.002529495 0.007374654 0.01841451 0.009120168 0.008943063 0.003577245 0.00399948 0.01474911 0.007154468 0.00399948 0.009631963 0.07349731 0.03326734 0.01087967 0.02682779 0.009631963 0.01145266 0.02998061 0.01442011 0.01648994 0.01934634 0.01289778 0.0202353 0.02325109 0.003577245 0.01362155 0.01474911 0.01823997 0.009631963 0.03077029 0.05064255 0.03793801 0.01145266 0.006448955 0.007588455 0.003577245 0.008943063 0.005656112 0.009631963 0.006448955 0.007374654 0.01073164 0.01396938 0.006448955 0.006448955 0.01430876 0.02039276
0.00536586 0.01396938 0.005058983 0.005058983 0.006448955 0.007374654 0.01087967 0.008943063 0.01145266 0.01145266 0.01042929 0.006448955 0.002529495 0.01264732 0.01145266 0.01841451 0.01528172 0.009631963 0.00399948 0.01788578 0.01145266 0.002529495 0.05520238 0.04527679 0.02827879 0.03040432 0.01999678 0.03077029 0.02658828 0.00399948 0.007374654 0.001788624 0.01528172 0.02093456 0.02529365 0.01430876 0.02039276 0.02262357 0.01474911 0.01538603 0.0491043 0.05035772 0.01648994 0.02352462 0.01289778 0.005656112 0.00399948 0.005058983 0.001788624 0.01042929 0.009631963 0.001788624 0.00399948 0.01145266 0.0101179 0.00399948 0.01442011 0.003577245
0.007154468 0.01362155 0.00536586 0.006448955 0.006448955 0.01042929 0.002529495 0.007998929 0.01599761 0 0.005058983 0.002529495 0.006448955 0.008943063 0.005058983 0.00399948 0.01687346 0.01687346 0.007374654 0.01442011 0.0101179 0.009120168 0.03061398 0.04128787 0.04209315 0.03454072 0.02161121 0.02276451 0.02735902 0.02706518 0.009120168 0.01362155 0.01648994 0.01087967 0.01761546 0.009120168 0.01442011 0.02998061 0.01619634 0.01609728 0.02933356 0.03934478 0.02724187 0.03128565 0.01788578 0.001788624 0.007998929 0.01145266 0.007588455 0.00399948 0.01145266 0.009120168 0.009631963 0.01599761 0.01042929 0.002529495 0.008943063 0.01145266
0.01442011 0.002529495 0.009631963 0.02146269 0.02241048 0.01797498 0.01528172 0.008943063 0.003577245 0.008943063 0.005656112 0.007998929 0.01042929 0.008943063 0.005058983 0.005656112 0.01264732 0.01430876 0.007154468 0.009631963 0.01073164 0.002529495 0.0130212 0.005656112 0.0380222 0.05612106 0.01648994 0.01145266 0.01999678 0.0323906 0.0312345 0.0249114 0.009120168 0.006448955 0.01788578 0.01619634 0.005656112 0.03472539 0.01788578 0.0202353 0.007998929 0.01619634 0.03440156 0.04513535 0.01609728 0.009120168 0.01073164 0.005656112 0.005058983 0.002529495 0.01145266 0.01042929 0 0.01648994 0.02352462 0.01131214 0.002529495 0.009120168
0.01442011 0.01042929 0.003577245 0.01648994 0.01696798 0.01599761 0.01999678 0.00399948 0.006448955 0.005058983 0.01264732 0.01648994 0.00399948 0.003577245 0.01042929 0.01131214 0.008943063 0.001788624 0.01538603 0.002529495 0.01289778 0.006448955 0.01528172 0.01087967 0.04680443 0.05473725 0.01934634 0.01648994 0.01199832 0.02432675 0.03513736 0.01901278 0.01538603 0.01599761 0.005656112 0.01528172 0.01761546 0.03077029 0.02529365 0.03472539 0.02484711 0.02331978 0.04082057 0.04811789 0.01199832 0.009120168 0 0.007374654 0.002529495 0.008943063 0.01087967 0.005656112 0.00399948 0.009120168 0.02212318 0.02658828 0.01792726 0.01841335
0.0130212 0.01934634 0.02276451 0.02331978 0.02560784 0.01362155 0.01199832 0.01289778 0.01396938 0.02085803 0.02153707 0.01145266 0.01199832 0.01199832 0.01619634 0.02085803 0.01538603 0.007374654 0.01289778 0.003577245 0.007588455 0.005656112 0.008943063 0.01975537 0.04524148 0.05262356 0.02183209 0.0130212 0.01131214 0.00536586 0.02682779 0.01073164 0.01199832 0.01648994 0.01264732 0.01696798 0.02911468 0.0312345 0.03998965 0.03860641 0.01999678 0.01926349 0.01841451 0.04321749 0.02604133 0.008943063 0.007374654 0.01145266 0.01145266 0.007374654 0.007998929 0.001788624 0.002529495 0.01396938 0.00399948 0.01672038 0.02887123 0.02686291
0.007154468 0.01538603 0.0130212 0.007998929 0.006448955 0.01599761 0.02153707 0.01442011 0.01145266 0.01073164 0.007154468 0.008943063 0.007998929 0.008943063 0.01609728 0.009120168 0.01073164 0.01131214 0.008943063 0.007374654 0.01362155 0.01252021 0.006448955 0.01073164 0.03402769 0.05438579 0.03061398 0.01131214 0.01264732 0.01289778 0.03905929 0.0151767 0.02911468 0.01199832 0.01770602 0.02276451 0.03527361 0.02529365 0.03360211 0.02331978 0.01648994 0.01474911 0.007588455 0.02579451 0.03454072 0.02085803 0.009120168 0.01264732 0.01538603 0.01538603 0.007998929 0.005656112 0.01131214 0.007154468 0.007374654 0.006080283 0.01901019 0.03103664
0.01087967 0.01901278 0.01599761 0.01442011 0.00399948 0.01474911 0.01648994 0.01289778 0.006448955 0.01648994 0.00399948 0.01934634 0.01042929 0.007998929 0.00399948 0.01934634 0.002529495 0.009120168 0.009631963 0.01648994 0.01797498 0.0130212 0.009631963 0.009631963 0.01797498 0.05010317 0.0328319 0.01199832 0.01528172 0.03374457 0.02541979 0.01975537 0.02889415 0.0151767 0.01901278 0.02085803 0.03581343 0.04018905 0.02933356 0.0130212 0.00399948 0.01396938 0.002529495 0.007998929 0.03793801 0.04828369 0.02688734 0.00536586 0.006448955 0.006448955 0.009120168 0.01073164 0.005656112 0.007374654 0.009631963 0.02030607 0.01688652 0.03628395
0.009120168 0.001788624 0.00399948 0.01199832 0.01396938 0.008943063 0.009631963 0.00399948 0.01538603 0.01975537 0.008943063 0.02889415 0.006448955 0.01687346 0.01362155 0.01442011 0.005058983 0.006448955 0.008943063 0.0101179 0.02175871 0.01396938 0.01087967 0.005656112 0.01396938 0.04831678 0.03549954 0.00536586 0.02724187 0.03839878 0.005058983 0.02682779 0.01797498 0.02085803 0.01474911 0.01087967 0.01264732 0.02640722 0.02331978 0.02640722 0.002529495 0.01619634 0.01396938 0.01770602 0.01901278 0.05010317 0.05262356 0.01867326 0.006448955 0.01289778 0.005058983 0.007588455 0.003577245 0.01042929 0.01648994 0.02535969 0.01581299 0.05080152
0.01999678 0.007998929 0.01648994 0.02183209 0.01867326 0.009631963 0.01442011 0.01788578 0.01289778 0.008943063 0.01073164 0.02706518 0.01975537 0.01289778 0.01687346 0.001788624 0.007998929 0.007588455 0.007588455 0.007374654 0.005656112 0.005656112 0.007154468 0.001788624 0.007588455 0.03998965 0.05061099 0.02039276 0.02911468 0.01934634 0.02883875 0.02212318 0.00399948 0.02432675 0.002529495 0.01087967 0.01788578 0.02175871 0.03219252 0.02706518 0.01619634 0.01538603 0.01599761 0.02579451 0.009631963 0.02262357 0.06010777 0.03549954 0.009120168 0.006448955 0.009120168 0.001788624 0.00536586 0.0130212 0.01861752 0.006263244 0.0179245 0.03810253
0.03040432 0.01528172 0.02793743 0.0101179 0.0202353 0.0101179 0.02560784 0.01619634 0.005656112 0.001788624 0.01841451 0.01975537 0.02827879 0.00399948 0.02183209 0.005058983 0.01131214 0.01042929 0.00399948 0.007374654 0.00399948 0.002529495 0.005058983 0.009120168 0.00399948 0.02153707 0.06245412 0.04946105 0.02352462 0.02183209 0.03793801 0.02241048 0.01474911 0.02039276 0.01934634 0.02432675 0.02604133 0.01474911 0.02432675 0.02604133 0.02386212 0.01648994 0.02933356 0.02658828 0.007998929 0.01648994 0.05316739 0.03998965 0.02911468 0.01934634 0.01696798 0.009120168 0.008943063 0.01761546 0.004686319 0.02218888 0.01745939 0.02013208
0.02793743 0.01619634 0.03472539 0.007998929 0.0202353 0.01145266 0.02776517 0.001788624 0.009120168 0.006448955 0.01648994 0.006448955 0.02386212 0.01975537 0.01599761 0.01289778 0.01073164 0.01087967 0.009120168 0.001788624 0.009120168 0.001788624 0.007374654 0.007998929 0.009631963 0.01442011 0.04987937 0.06116173 0.03686935 0.03522825 0.01442011 0.02262357 0.01087967 0.01396938 0.03040432 0.02883875 0.02724187 0.02325109 0.01926349 0.03035169 0.01687346 0.01696798 0.0328319 0.02960489 0.01442011 0.02541979 0.03793801 0.02541979 0.04580331 0.05083156 0.04524148 0.03393358 0.008943063 0.01823997 0.0234853 0.02082004 0.01385714 0.02419928
0.01145266 0.02827879 0.01648994 0.006448955 0.01264732 0.01474911 0.01528172 0.008943063 0.005656112 0.02146269 0.01042929 0.005656112 0.01430876 0.02212318 0.007154468 0.01087967 0.005656112 0.01264732 0.01264732 0.01199832 0.006448955 0.007374654 0.003577245 0.007998929 0.01199832 0.01528172 0.03513736 0.05614953 0.04299498 0.02541979 0.02911468 0.03169191 0.0130212 0.02212318 0.01999678 0.01396938 0.01474911 0.01999678 0.01967425 0.03341122 0.01823997 0.01687346 0.03549954 0.02730051 0.0151767 0.02290459 0.0312345 0.01264732 0.0130212 0.02276451 0.04209315 0.04884321 0.008943063 0.02054938 0.02347671 0.01720292 0.01396707 0.02679783
0.01999678 0.01609728 0.01042929 0.007998929 0.01145266 0.01199832 0.003577245 0.005656112 0.02331978 0.01823997 0.009120168 0.002529495 0.007998929 0.01648994 0.00399948 0.001788624 0.007374654 0.01696798 0.009120168 0.01145266 0.00536586 0.005656112 0.009120168 0.007374654 0.01999678 0.01967425 0.02331978 0.04128787 0.04680443 0.02827879 0.03922268 0.02352462 0.02688734 0.02776517 0.01797498 0.01199832 0.01289778 0.01199832 0.03440156 0.03759935 0.01131214 0.02998061 0.04299498 0.02039276 0.005656112 0.009120168 0.02262357 0.01396938 0.01131214 0.002529495 0.03326734 0.04354912 0.03594712 0.02952942 0.003057725 0.006661222 0.01414844 0.03433762
0.05283571 0.05367594 0.03682596 0.0130212 0.005058983 0.001788624 0.002529495 0.007998929 0.0151767 0.007588455 0.01073164 0.005058983 0.00399948 0.01087967 0.009120168 0.006448955 0.006448955 0.01145266 0.001788624 0.009120168 0.01042929 0.01474911 0.006448955 0.02241048 0.01797498 0.002529495 0.009631963 0.01131214 0.0377267 0.05586421 0.02960489 0.01474911 0.02241048 0.02386212 0.01087967 0.0101179 0.01934634 0 0.04265903 0.01442011 0.0356344 0.05035772 0.03219252 0.001788624 0.01199832 0.008943063 0.009631963 0.002529495 0.001788624 0.0130212 0.03793801 0.01474911 0.02352462 0.04764068 0.0150682 0.002846135 0.01863954 0.03908595
0.04815109 0.04569849 0.05234951 0.03616884 0.01073164 0.005058983 0.00536586 0 0.01599761 0.01362155 0.003577245 0.007154468 0.01761546 0.02093456 0.01648994 0.001788624 0.00399948 0.005058983 0.00399948 0.007374654 0.01145266 0.01797498 0.0101179 0.02682779 0.007154468 0.01430876 0.009631963 0.01087967 0.03326734 0.06579235 0.02290459 0.02682779 0.02039276 0.02776517 0.01131214 0.01999678 0.02039276 0.01042929 0.0463928 0.01474911 0.04416874 0.03549954 0.01087967 0.01788578 0.01145266 0.009631963 0.007374654 0.00536586 0.001788624 0.0305617 0.0326365 0.01442011 0.007998929 0.04732647 0.0291456 0.01309971 0.03641499 0.03761527
0.02432675 0.01797498 0.03360211 0.03669548 0.01087967 0.007588455 0.01131214 0.01199832 0.005656112 0.007998929 0.00399948 0.01199832 0.01131214 0.01648994 0.01599761 0.00399948 0.003577245 0.007154468 0.008943063 0.01131214 0.00399948 0.01087967 0.01264732 0.02039276 0.00399948 0.009631963 0.005656112 0.009120168 0.02432675 0.05994807 0.04485112 0.02262357 0.02883875 0.01823997 0.02212318 0.03416837 0.01823997 0.007374654 0.04174993 0.007154468 0.04724631 0.02161121 0.001788624 0.01289778 0.007374654 0.01131214 0.006448955 0.01619634 0.01362155 0.04117154 0.009120168 0.02861608 0.02039276 0.0393805 0.04711919 0.04627208 0.03576572 0.009444041
0.0151767 0.0202353 0.02153707 0.02560784 0.01788578 0.01696798 0.01073164 0.009120168 0.009631963 0.009631963 0.01264732 0.009120168 0.007588455 0.01788578 0.007154468 0.007374654 0.01087967 0.005656112 0.01264732 0.007154468 0.007588455 0 0.00399948 0.0101179 0.003577245 0.01073164 0.007154468 0.007998929 0.02093456 0.04987937 0.05358655 0.003577245 0.03374457 0.01528172 0.02290459 0.0380222 0.01619634 0.03416837 0.0377267 0.02161121 0.04186465 0.00399948 0.0101179 0.01442011 0.01252021 0.01199832 0.02432675 0.04470833 0.04398741 0.02432675 0.01975537 0.01430876 0.008943063 0.02299644 0.05547315 0.07577293 0.02572355 0.01753993
0.006448955 0.02325109 0.02262357 0.03454072 0.03789584 0.03852349 0.03527361 0.02541979 0.02640722 0.02503946 0.01528172 0.01788578 0.01979188 0.02104816 0.01167518 0.0205112 0.02111098 0.0104447 0.01139849 0.003330554 0.002702546 0.00514119 0.001376799 0.006135901 0.01044658 0.005058983 0.0101179 0.005058983 0.00399948 0.04559343 0.05569232 0.007374654 0.02541979 0.01687346 0.01770602 0.02688734 0.0380222 0.04597747 0.01131214 0.0537949 0.01797498 0.01797498 0.02579451 0.02730051 0.01538603 0.007154468 0.02352462 0.03599157 0.0305617 0.007998929 0.01841451 0.001788624 0.00999686 0.005561319 0.0407068 0.08872708 0.04514522 0.01116048
