lucc_shape/img/ascii_files/slope.txt
ncols         303
nrows         392
xllcorner     182592.33643186
yllcorner     3271602.003708
cellsize      200
NODATA_value  -9999
[rows 130 to 155 of 392, columns 0 to 57 of 303]
-9999 -9999 -9999 -9999 -9999 -9999 -9999 -9999 -9999 -9999 -9999 -9999 -9999 -9999 -9999 -9999 -9999 -9999 -9999 -9999 -9999 -9999 -9999 -9999 0.007374654 0.01609728 0.001788624 0.01934634 0.06068972 0.03416837 0.007588455 0.002529495 0.005058983 0.005058983 0.008943063 0.01901278 0.007998929 0.01474911 0.01289778 0.01797498 0.008943063 0.01145266 0.00399948 0.005656112 0.01131214 0.008943063 0.00399948 0.01648994 0.007998929 0.007588455 0.001788624 0.00399948 0.003577245 0.005656112 0.01073164 0.0130212 0.02510325 0.02658828
-9999 -9999 -9999 -9999 -9999 -9999 -9999 -9999 -9999 -9999 -9999 -9999 -9999 -9999 -9999 -9999 -9999 -9999 -9999 -9999 -9999 -9999 -9999 0.01823997 0.01264732 0.003577245 0.01264732 0.02386212 0.06680424 0.05207403 0.01442011 0.002529495 0.01145266 0.02325109 0.02039276 0.02331978 0.01926349 0.01073164 0.007998929 0.01362155 0.0249114 0.02325109 0.01901278 0.01999678 0.00399948 0.01289778 0.01087967 0.01442011 0.01252021 0.009120168 0.002529495 0.003577245 0.005058983 0.00399948 0.002529495 0.01396938 0.02175871 0.01442011
-9999 -9999 -9999 -9999 -9999 -9999 -9999 -9999 -9999 -9999 -9999 -9999 -9999 -9999 -9999 -9999 -9999 -9999 -9999 -9999 -9999 -9999 -9999 0.01609728 0.01396938 0.02093456 0.01687346 0.0151767 0.05612106 0.07260107 0.01761546 0.007154468 0.01131214 0.01823997 0.01087967 0.01252021 0.01619634 0.006448955 0.01199832 0.00399948 0.001788624 0.01087967 0.01199832 0.02039276 0.01648994 0.006448955 0.002529495 0.007374654 0.0151767 0.01788578 0.01442011 0.001788624 0.009120168 0.006448955 0.01609728 0.01442011 0.02560784 0.02331978
-9999 -9999 -9999 -9999 -9999 -9999 -9999 -9999 -9999 -9999 -9999 -9999 -9999 -9999 -9999 -9999 -9999 -9999 -9999 -9999 -9999 -9999 0.00399948 0.005656112 0.007374654 0.02640722 0.02682779 0.006448955 0.05976122 0.08874606 0.02146269 0.007998929 0.007374654 0.02039276 0.02241048 0.009631963 0.01199832 0.01442011 0.009120168 0 0.00399948 0.01087967 0.01087967 0.01901278 0.02085803 0.01696798 0.01788578 0.01073164 0.006448955 0.007588455 0.02085803 0.007374654 0.009631963 0.01999678 0.01926349 0.00536586 0.01252021 0.02640722
-9999 -9999 -9999 -9999 -9999 -9999 -9999 -9999 -9999 -9999 -9999 -9999 -9999 -9999 -9999 -9999 -9999 -9999 -9999 -9999 -9999 -9999 0.005656112 0.001788624 0.006448955 0.02161121 0.02782271 0.007998929 0.07695687 0.0798282 0.008943063 0.007998929 0.00399948 0.00399948 0.006448955 0.01362155 0.002529495 0.01087967 0.006448955 0.005058983 0.005656112 0.007154468 0.008943063 0.01396938 0.01528172 0.02093456 0.01073164 0.01648994 0.006448955 0.01599761 0.02325109 0.005058983 0.00399948 0.01362155 0.003577245 0.007998929 0.009120168 0.009631963
-9999 -9999 -9999 -9999 -9999 -9999 -9999 -9999 -9999 -9999 -9999 -9999 -9999 -9999 -9999 -9999 -9999 -9999 -9999 -9999 -9999 -9999 0.002529495 0.007374654 0.01442011 0.01619634 0.01442011 0.02658828 0.07595453 0.06258189 0.002529495 0.00399948 0.01264732 0.01442011 0.02782271 0.02933356 0.01264732 0.01087967 0.01042929 0.01264732 0.008943063 0.01474911 0.007998929 0.007998929 0.01087967 0.007588455 0.01648994 0.01442011 0.009631963 0.01926349 0.0151767 0.00399948 0.009631963 0.002529495 0.01131214 0.00399948 0.006448955 0.007998929
-9999 -9999 -9999 -9999 -9999 -9999 -9999 -9999 -9999 -9999 -9999 -9999 -9999 -9999 -9999 -9999 -9999 -9999 -9999 -9999 -9999 -9999 0.01648994 0.008943063 0.008943063 0.007998929 0.01528172 0.01442011 0.0540616 0.06446794 0.006448955 0.008943063 0.009120168 0.006448955 0.01396938 0.008943063 0.02432675 0.006448955 0.02153707 0.02406234 0.02688734 0.01696798 0.01609728 0.01199832 0.01442011 0.01199832 0.01199832 0.01788578 0.02241048 0.01797498 0.01430876 0.01252021 0.01264732 0.01442011 0.01087967 0.01073164 0.00399948 0.0101179
-9999 -9999 -9999 -9999 -9999 -9999 -9999 -9999 -9999 -9999 -9999 -9999 -9999 -9999 -9999 -9999 -9999 -9999 -9999 -9999 -9999 0.00399948 0.01538603 0.01999678 0.02484711 0.02579451 0.02093456 0.01396938 0.03958784 0.07940716 0.02290459 0.00399948 0.006448955 0.01042929 0.01087967 0.01797498 0.01042929 0.01999678 0.02658828 0.03540934 0.02406234 0.007998929 0.0130212 0.007998929 0.007154468 0.01788578 0.007588455 0.00536586 0.007998929 0.006448955 0.009631963 0.009120168 0.01430876 0.001788624 0.01131214 0.009631963 0.006448955 0.01252021
-9999 -9999 -9999 -9999 -9999 -9999 -9999 -9999 -9999 -9999 -9999 -9999 -9999 -9999 -9999 -9999 -9999 -9999 -9999 -9999 -9999 0.01264732 0.02153707 0.03393358 0.01761546 0.01599761 0.01687346 0.0312345 0.01396938 0.07371425 0.05438579 0.04968674 0.04171162 0.03454072 0.009120168 0.01696798 0.01538603 0.002529495 0.02161121 0.007374654 0.01528172 0.00536586 0.01289778 0.007374654 0.007374654 0.01538603 0.01131214 0.00399948 0.005656112 0.009120168 0.00536586 0.002529495 0.007374654 0.01073164 0.00399948 0 0.008943063 0.01528172
-9999 -9999 -9999 -9999 -9999 -9999 -9999 -9999 -9999 -9999 -9999 -9999 -9999 -9999 -9999 -9999 -9999 -9999 -9999 -9999 -9999 0.02386212 0.005058983 0.0312345 0.02085803 0.01042929 0.008943063 0.02352462 0.01934634 0.02889415 0.05358655 0.0575826 0.05259317 0.06439357 0.05364615 0.05185875 0.03926342 0.01538603 0.01761546 0.01289778 0.007154468 0.01264732 0.01823997 0.01073164 0.01131214 0.01252021 0.01648994 0.01788578 0.02290459 0.02290459 0.01901278 0.01648994 0.01538603 0.01696798 0.0101179 0.00399948 0.01145266 0.005058983
-9999 -9999 -9999 -9999 -9999 -9999 -9999 -9999 -9999 -9999 -9999 -9999 -9999 -9999 -9999 -9999 -9999 -9999 -9999 -9999 0.01042929 0.02682779 0.009631963 0.01999678 0.009120168 0.01648994 0.008943063 0.007374654 0.01087967 0.007154468 0.005058983 0.008943063 0.02503946 0.0514876 0.06831727 0.062989 0.05198188 0.02998061 0.01396938 0 0.009631963 0.007998929 0.01145266 0.01087967 0.007374654 0.00399948 0.01087967 0 0.007998929 0.00536586 0.008943063 0.007374654 0.007154468 0.01967425 0.01926349 0.01252021 0.00536586 0.006448955
-9999 -9999 -9999 -9999 -9999 -9999 -9999 -9999 -9999 -9999 -9999 -9999 -9999 -9999 -9999 -9999 -9999 -9999 -9999 0.00399948 0.005058983 0.02960489 0.01797498 0.01442011 0.02093456 0.02386212 0.01648994 0.01528172 0.01087967 0.01252021 0.01131214 0.0101179 0.001788624 0.01289778 0.01442011 0.02399579 0.04615098 0.04018905 0.01841451 0.00399948 0.01696798 0.006448955 0.007374654 0.008943063 0.01131214 0.00399948 0.01289778 0.007154468 0.01131214 0.01042929 0.00536586 0.01199832 0.006448955 0.02276451 0.009120168 0.01934634 0.00399948 0.009631963
-9999 -9999 -9999 -9999 -9999 -9999 -9999 -9999 -9999 -9999 -9999 -9999 -9999 -9999 -9999 -9999 -9999 -9999 0.01967425 0.008943063 0.005656112 0.01687346 0.01999678 0.02093456 0.02331978 0.02262357 0.01131214 0.01619634 0.01474911 0.01474911 0.005656112 0.01619634 0.02331978 0.01901278 0.0130212 0.02782271 0.03374457 0.04174993 0.03594712 0.01648994 0.01788578 0.005656112 0.01648994 0.01396938 0.01289778 0.00399948 0.01073164 0.01901278 0.02161121 0.0130212 0.001788624 0.01199832 0.003577245 0.02175871 0.01788578 0.01867326 0.002529495 0.01528172
-9999 -9999 -9999 -9999 -9999 -9999 -9999 -9999 -9999 -9999 -9999 -9999 -9999 -9999 -9999 -9999 0.01442011 0.01131214 0.02688734 0.03061398 0.01901278 0.01761546 0.01999678 0.01999678 0.02153707 0.01797498 0.007154468 0.01145266 0.007588455 0.01648994 0.006448955 0.0202353 0.01687346 0.04054549 0.01975537 0.03721467 0.01619634 0.03472539 0.05262356 0.04831678 0.0312345 0.0101179 0.002529495 0.01042929 0.01687346 0.003577245 0.01199832 0.009120168 0.005058983 0.007374654 0.005656112 0.005058983 0.00399948 0.00399948 0.008943063 0.008943063 0.005656112 0.01199832
-9999 -9999 -9999 -9999 -9999 -9999 -9999 -9999 -9999 -9999 -9999 -9999 -9999 -9999 -9999 -9999 0.01087967 0.01199832 0.01289778 0.01538603 0.009120168 0.01042929 0.01648994 0.01788578 0.01087967 0.007588455 0.00399948 0.01528172 0.01073164 0.008943063 0.009120168 0.01396938 0.009631963 0.04933162 0.01687346 0.04054549 0.00399948 0.01264732 0.02776517 0.05733231 0.05943953 0.02039276 0.00399948 0.008943063 0.0130212 0.02325109 0.01648994 0.02406234 0.02386212 0.02503946 0.00399948 0.008943063 0.008943063 0.01145266 0.01087967 0.007588455 0.007998929 0.01131214
-9999 -9999 -9999 -9999 -9999 -9999 -9999 -9999 -9999 -9999 -9999 -9999 -9999 -9999 -9999 -9999 0 0.006448955 0.01609728 0.01430876 0.01131214 0.007998929 0.006448955 0.007374654 0.007998929 0.001788624 0.001788624 0.01289778 0.01042929 0.00399948 0.003577245 0 0.01087967 0.02827879 0.03789584 0.0377267 0.01474911 0.00399948 0.00399948 0.0323906 0.0768946 0.06079493 0.01823997 0.008943063 0.0101179 0.01087967 0.007998929 0.03341122 0.03040432 0.02212318 0.0101179 0.006448955 0.005058983 0.006448955 0.005656112 0.008943063 0.0101179 0.007154468
-9999 -9999 -9999 -9999 -9999 -9999 -9999 -9999 -9999 -9999 -9999 -9999 -9999 -9999 -9999 -9999 -9999 0.01042929 0.007998929 0.007374654 0.01538603 0.01770602 0.005656112 0.007998929 0.00399948 0.005656112 0.007588455 0.00536586 0.01131214 0.01696798 0.008943063 0.01264732 0.007374654 0.01252021 0.01474911 0.0151767 0.007998929 0.01042929 0.006448955 0.005656112 0.05083156 0.05838176 0.03472539 0.006448955 0.007998929 0.01073164 0.006448955 0.01362155 0.02735902 0.02153707 0.005058983 0.001788624 0.003577245 0.00399948 0.007374654 0.007154468 0.00536586 0.007588455
-9999 -9999 -9999 -9999 -9999 -9999 -9999 -9999 -9999 -9999 -9999 -9999 -9999 -9999 -9999 -9999 -9999 -9999 0.005656112 0.003577245 0.01442011 0.01289778 0.01528172 0.01131214 0.008943063 0.01362155 0.009120168 0.009120168 0.007374654 0.01442011 0.005058983 0.0130212 0.01362155 0.008943063 0.01289778 0.01788578 0.01474911 0.01975537 0.01042929 0.02085803 0.06644463 0.05943953 0.02827879 0.01131214 0.009120168 0.008943063 0.003577245 0.006448955 0.009120168 0.00399948 0.007374654 0.007374654 0.005656112 0.002529495 0.0101179 0.00399948 0.002529495 0.007998929
-9999 -9999 -9999 -9999 -9999 -9999 -9999 -9999 -9999 -9999 -9999 -9999 -9999 -9999 -9999 -9999 -9999 -9999 -9999 0 0.01087967 0.007374654 0.00399948 0.005656112 0.007998929 0.01975537 0.01967425 0.01073164 0.006448955 0.009631963 0.01770602 0.02039276 0.01264732 0.01145266 0.01901278 0.02039276 0.01841451 0.01289778 0.01599761 0.02484711 0.05952011 0.05612106 0.02146269 0.01087967 0.007374654 0.007374654 0.005656112 0.005058983 0.01145266 0.002529495 0.005656112 0.01087967 0.007374654 0.001788624 0.00536586 0.00399948 0.009120168 0.01131214
-9999 -9999 -9999 -9999 -9999 -9999 -9999 -9999 -9999 -9999 -9999 -9999 -9999 -9999 -9999 -9999 -9999 -9999 -9999 0.00399948 0.008943063 0.01442011 0.00399948 0.001788624 0.007998929 0.009631963 0.01761546 0.001788624 0.005058983 0.01442011 0.01934634 0.02432675 0.0151767 0.007374654 0.0130212 0.008943063 0.02541979 0.0151767 0.02883875 0.01609728 0.0380222 0.05459108 0.02560784 0.001788624 0.0130212 0.007998929 0.001788624 0.009631963 0.01975537 0.006448955 0.006448955 0.005656112 0.007998929 0.01396938 0.01289778 0.007998929 0.01199832 0.00399948
-9999 -9999 -9999 -9999 -9999 -9999 -9999 -9999 -9999 -9999 -9999 -9999 -9999 -9999 -9999 -9999 -9999 -9999 -9999 -9999 0.002529495 0.01901278 0.009631963 0.007374654 0.01042929 0.005656112 0.0202353 0.002529495 0.01252021 0.008943063 0.007374654 0.02039276 0.02175871 0.006448955 0.01619634 0.01145266 0.01599761 0.02688734 0.02161121 0.0101179 0.02183209 0.04502898 0.05262356 0.01934634 0.009120168 0.01145266 0.002529495 0.01199832 0.01087967 0.01797498 0.01252021 0.009120168 0.009631963 0.01145266 0.0130212 0.0101179 0.01073164 0.001788624
-9999 -9999 -9999 -9999 -9999 -9999 -9999 -9999 -9999 -9999 -9999 -9999 -9999 -9999 -9999 -9999 -9999 -9999 -9999 -9999 -9999 0.0130212 0.009120168 0.007998929 0.005656112 0.005656112 0.01901278 0.01073164 0.008943063 0.00399948 0.007374654 0.007998929 0.01696798 0.02331978 0.005656112 0.01042929 0.007588455 0.02093456 0.01442011 0.01761546 0.00399948 0.02960489 0.07011702 0.04663336 0.001788624 0.007998929 0.00399948 0.01145266 0.00536586 0.01264732 0.009120168 0.00399948 0.01289778 0.01362155 0.001788624 0.01696798 0.01648994 0.01087967
-9999 -9999 -9999 -9999 -9999 -9999 -9999 -9999 -9999 -9999 -9999 -9999 -9999 -9999 -9999 -9999 -9999 -9999 -9999 -9999 -9999 -9999 0.007998929 0.005058983 0.00399948 0.005058983 0.0101179 0.009631963 0 0.005058983 0.006448955 0.00399948 0.002529495 0.01538603 0.01648994 0.01648994 0.01619634 0.01797498 0.009631963 0.006448955 0.01474911 0.02793743 0.05766579 0.05222725 0.01362155 0.007588455 0.008943063 0.01199832 0.001788624 0.00399948 0.009631963 0.01687346 0.006448955 0.008943063 0.01538603 0.01687346 0.008943063 0.01087967
-9999 -9999 -9999 -9999 -9999 -9999 -9999 -9999 -9999 -9999 -9999 -9999 -9999 -9999 -9999 -9999 -9999 -9999 -9999 -9999 -9999 -9999 0.01264732 0.005656112 0.01264732 0.007154468 0.005058983 0.007588455 0.002529495 0.001788624 0.001788624 0.008943063 0.006448955 0.01396938 0.02560784 0.008943063 0.02039276 0.01609728 0.009120168 0.005058983 0.01474911 0.01442011 0.03621301 0.04831678 0.01145266 0.01442011 0.01797498 0.01442011 0.02183209 0.02541979 0.02688734 0.02510325 0.02085803 0.02331978 0.02153707 0.008943063 0.005656112 0.006448955
-9999 -9999 -9999 -9999 -9999 -9999 -9999 -9999 -9999 -9999 -9999 -9999 -9999 -9999 -9999 -9999 -9999 -9999 -9999 -9999 -9999 -9999 0.01619634 0.01199832 0.01087967 0.01087967 0.01538603 0.01599761 0.01199832 0.0101179 0.009631963 0.01087967 0.01199832 0.007998929 0.01362155 0.0249114 0.01442011 0.01528172 0.00399948 0.01199832 0.01362155 0.003577245 0.02640722 0.05213537 0.01648994 0.0249114 0.02183209 0.005058983 0.007374654 0.006448955 0.02290459 0.01474911 0.01999678 0.02241048 0.01788578 0.009631963 0.005058983 0.006448955
-9999 -9999 -9999 -9999 -9999 -9999 -9999 -9999 -9999 -9999 -9999 -9999 -9999 -9999 -9999 -9999 -9999 -9999 -9999 -9999 -9999 -9999 0.00536586 0.002529495 0.005656112 0.008943063 0.008943063 0.005058983 0.00536586 0.007998929 0.01199832 0.01609728 0.003577245 0.01264732 0.01867326 0.00399948 0.01264732 0.009120168 0.01442011 0.001788624 0.007998929 0.01264732 0.003577245 0.05120747 0.04981524 0.02276451 0.007998929 0.01528172 0.01797498 0.00399948 0.01999678 0.0130212 0.01538603 0.006448955 0.002529495 0.005656112 0.006448955 0.007588455
