ascii_files/dist_stream.txt
ncols         303
nrows         392
xllcorner     182592.33643186
yllcorner     3271602.003708
cellsize      200
NODATA_value  -9999
[rows 224 to 251 of 392, columns 124 to 185 of 303]
0.07411362 0.08734374 0.1018594 0.1171839 0.133038 0.1492531 0.1657231 0.1823791 0.1991744 0.2160765 0.2330622 0.2501144 0.2672204 0.2843706 0.3015574 0.3187747 0.3360181 0.3532836 0.3705681 0.3878691 0.4051846 0.4225126 0.4398518 0.4572009 0.4745587 0.4919244 0.5038757 0.4894368 0.4752013 0.4611882 0.4474183 0.4339147 0.4207031 0.407812 0.3952726 0.3831195 0.3713906 0.3601274 0.3493749 0.3391817 0.3295997 0.3206836 0.3124905 0.3050786 0.2985061 0.2928296 0.288102 0.2843706 0.2816751 0.2800453 0.2795 0.2800453 0.2816751 0.2843706 0.288102 0.2928296 0.2985061 0.3050786 0.3124905 0.3206836 0.3295997 0.3391817
0.06298447 0.07812262 0.09407209 0.1104821 0.1271744 0.144051 0.1610539 0.178147 0.1953065 0.2125165 0.2297655 0.2470454 0.2643501 0.2816751 0.2990168 0.3163725 0.33374 0.3511175 0.3685036 0.3858972 0.4032973 0.4207031 0.438114 0.4555292 0.4729484 0.4903711 0.507797 0.4996184 0.4856815 0.4719796 0.4585338 0.4453674 0.4325059 0.4199772 0.407812 0.3960439 0.3847092 0.3738475 0.3635011 0.3537152 0.3445376 0.3360181 0.328208 0.321159 0.3149223 0.309547 0.3050786 0.3015574 0.2990168 0.297482 0.2969687 0.297482 0.2990168 0.3015574 0.3050786 0.309547 0.3149223 0.321159 0.328208 0.3360181 0.3445376 0.3537152
0.05524103 0.07202549 0.08907349 0.1062582 0.1235227 0.1408376 0.1581862 0.1755587 0.1929486 0.2103516 0.2277646 0.2451856 0.2626128 0.2800453 0.297482 0.3149223 0.3323656 0.3498114 0.3672594 0.3847092 0.4021608 0.4196137 0.4370679 0.4545233 0.4719796 0.4894368 0.5068948 0.5101951 0.4965551 0.4831617 0.4700359 0.4572009 0.4446817 0.4325059 0.4207031 0.4093058 0.3983487 0.3878691 0.3779068 0.3685036 0.3597035 0.3515518 0.3440944 0.3373775 0.3314462 0.3263431 0.3221078 0.3187747 0.3163725 0.3149223 0.3144374 0.3149223 0.3163725 0.3187747 0.3221078 0.3263431 0.3314462 0.3373775 0.3440944 0.3515518 0.3597035 0.3685036
0.05240624 0.06987499 0.08734374 0.1048125 0.1222812 0.13975 0.1572187 0.1746875 0.1921562 0.209625 0.2270937 0.2445625 0.2620312 0.2795 0.2969687 0.3144374 0.3319062 0.3493749 0.3668437 0.3843125 0.4017812 0.41925 0.4367187 0.4541875 0.4716562 0.4891249 0.5065937 0.5211428 0.507797 0.494708 0.4818968 0.4693863 0.4572009 0.4453674 0.4339147 0.4228736 0.4122773 0.4021608 0.3925613 0.3835176 0.3750699 0.3672594 0.3601274 0.3537152 0.3480623 0.3432064 0.3391817 0.3360181 0.33374 0.3323656 0.3319062 0.3323656 0.33374 0.3360181 0.3391817 0.3432064 0.3480623 0.3537152 0.3601274 0.3672594 0.3750699 0.3835176
0.05240624 0.06987499 0.08734374 0.1048125 0.1222812 0.13975 0.1572187 0.1746875 0.1921562 0.209625 0.2270937 0.2445625 0.2620312 0.2795 0.2969687 0.3144374 0.3319062 0.3493749 0.3668437 0.3843125 0.4017812 0.41925 0.4367187 0.4541875 0.4716562 0.4891249 0.5065937 0.5240625 0.5193833 0.5065937 0.4940908 0.4818968 0.4700359 0.4585338 0.4474183 0.4367187 0.4264665 0.4166946 0.4074377 0.3987316 0.390613 0.3831195 0.3762884 0.3701561 0.3647582 0.3601274 0.3562939 0.3532836 0.3511175 0.3498114 0.3493749 0.3498114 0.3511175 0.3532836 0.3562939 0.3601274 0.3647582 0.3701561 0.3762884 0.3831195 0.390613 0.3987316
0.05240624 0.06987499 0.08734374 0.1048125 0.1222812 0.13975 0.1572187 0.1746875 0.1921562 0.209625 0.2270937 0.2445625 0.2620312 0.2795 0.2969687 0.3144374 0.3319062 0.3493749 0.3668437 0.3843125 0.4017812 0.41925 0.4367187 0.4541875 0.4716562 0.4891249 0.5065937 0.5240625 0.5312912 0.5187953 0.5065937 0.494708 0.4831617 0.4719796 0.4611882 0.4508155 0.4408913 0.4314463 0.4225126 0.4141235 0.4063127 0.3991141 0.3925613 0.3866872 0.3815232 0.3770984 0.3734392 0.3705681 0.3685036 0.3672594 0.3668437 0.3672594 0.3685036 0.3705681 0.3734392 0.3770984 0.3815232 0.3866872 0.3925613 0.3991141 0.4063127 0.4141235
0.05240624 0.06987499 0.08734374 0.1048125 0.1222812 0.13975 0.1572187 0.1746875 0.1921562 0.209625 0.2270937 0.2445625 0.2620312 0.2795 0.2969687 0.3144374 0.3319062 0.3493749 0.3668437 0.3843125 0.4017812 0.41925 0.4367187 0.4541875 0.4716562 0.4891249 0.5065937 0.5240625 0.5415312 0.5312912 0.5193833 0.507797 0.4965551 0.4856815 0.4752013 0.4651413 0.4555292 0.446394 0.4377656 0.4296744 0.4221514 0.4152274 0.4089329 0.4032973 0.3983487 0.3941129 0.390613 0.3878691 0.3858972 0.3847092 0.3843125 0.3847092 0.3858972 0.3878691 0.390613 0.3941129 0.3983487 0.4032973 0.4089329 0.4152274 0.4221514 0.4296744
0.05240624 0.06987499 0.08734374 0.1048125 0.1222812 0.13975 0.1572187 0.1746875 0.1921562 0.209625 0.2270937 0.2445625 0.2620312 0.2795 0.2969687 0.3144374 0.3319062 0.3493749 0.3668437 0.3843125 0.4017812 0.41925 0.4367187 0.4541875 0.4716562 0.4891249 0.5065937 0.5234798 0.5392724 0.5440611 0.5324388 0.5211428 0.5101951 0.4996184 0.4894368 0.4796754 0.4703605 0.4615189 0.4531785 0.4453674 0.438114 0.4314463 0.4253918 0.4199772 0.4152274 0.4111655 0.407812 0.4051846 0.4032973 0.4021608 0.4017812 0.4021608 0.4032973 0.4051846 0.407812 0.4111655 0.4152274 0.4199772 0.4253918 0.4314463 0.438114 0.4453674
0.05524103 0.07202549 0.08907349 0.1062582 0.1235227 0.1408376 0.1581862 0.1755587 0.1929486 0.2103516 0.2277646 0.2451856 0.2626128 0.2800453 0.297482 0.3149223 0.3323656 0.3498114 0.3672594 0.3847092 0.4021608 0.4196137 0.4370679 0.4531785 0.4687357 0.4844232 0.5002288 0.5161416 0.5321521 0.5482516 0.5457411 0.5347263 0.5240625 0.5137713 0.5038757 0.4943995 0.4853672 0.476804 0.4687357 0.4611882 0.4541875 0.4477592 0.4419282 0.4367187 0.4321529 0.4282516 0.425033 0.4225126 0.4207031 0.4196137 0.41925 0.4196137 0.4207031 0.4225126 0.425033 0.4282516 0.4321529 0.4367187 0.4419282 0.4477592 0.4541875 0.4611882
0.06298447 0.07812262 0.09407209 0.1104821 0.1271744 0.144051 0.1610539 0.178147 0.1953065 0.2125165 0.2297655 0.2470454 0.2643501 0.2816751 0.2990168 0.3163725 0.33374 0.3511175 0.3672594 0.3831195 0.3987316 0.4141235 0.4296744 0.4453674 0.4611882 0.4771239 0.4931635 0.5092971 0.5255162 0.5418129 0.5581805 0.5485298 0.5381395 0.5281228 0.5185012 0.5092971 0.5005338 0.4922345 0.4844232 0.4771239 0.4703605 0.4641562 0.4585338 0.4535151 0.4491201 0.4453674 0.4422734 0.4398518 0.438114 0.4370679 0.4367187 0.4370679 0.438114 0.4398518 0.4422734 0.4453674 0.4491201 0.4535151 0.4585338 0.4641562 0.4703605 0.476804
0.07411362 0.08734374 0.1018594 0.1171839 0.133038 0.1492531 0.1657231 0.1823791 0.1991744 0.2160765 0.2330622 0.2501144 0.2666489 0.2816751 0.2969687 0.3124905 0.328208 0.3440944 0.3597035 0.3750699 0.390613 0.4063127 0.4221514 0.438114 0.4541875 0.4703605 0.486623 0.5029665 0.5193833 0.5358664 0.5524103 0.5625371 0.5524103 0.542657 0.5332977 0.5243535 0.515846 0.507797 0.5002288 0.4931635 0.486623 0.4806287 0.4752013 0.4703605 0.4661243 0.4625096 0.459531 0.4572009 0.4555292 0.4545233 0.4541875 0.4545233 0.4555292 0.4572009 0.459531 0.4625096 0.4661243 0.4703605 0.4752013 0.4806287 0.4844232 0.4687357
0.07411362 0.08734374 0.1018594 0.1171839 0.133038 0.1492531 0.1657231 0.1823791 0.1991744 0.2132332 0.2277646 0.2426836 0.257923 0.2734292 0.2891592 0.3050786 0.3206836 0.3360181 0.3515518 0.3672594 0.3831195 0.3991141 0.4152274 0.4314463 0.4477592 0.4641562 0.4806287 0.4971693 0.5137713 0.5304289 0.5471373 0.5638916 0.5668602 0.5573598 0.5482516 0.5395553 0.5312912 0.5234798 0.5161416 0.5092971 0.5029665 0.4971693 0.4919244 0.4872497 0.4831617 0.4796754 0.476804 0.4745587 0.4729484 0.4719796 0.4716562 0.4719796 0.4729484 0.4745587 0.476804 0.4796754 0.4831617 0.4872497 0.4919244 0.4931635 0.4771239 0.4611882
0.06298447 0.07812262 0.09407209 0.1104821 0.1271744 0.144051 0.1610539 0.1746875 0.1889534 0.2037189 0.2188828 0.2343678 0.2501144 0.2660761 0.2816751 0.2969687 0.3124905 0.328208 0.3440944 0.3601274 0.3762884 0.3925613 0.4089329 0.4253918 0.4419282 0.4585338 0.4752013 0.4919244 0.5086976 0.5255162 0.5418129 0.5581805 0.574613 0.5722182 0.5633502 0.5548906 0.5468583 0.5392724 0.5321521 0.5255162 0.5193833 0.5137713 0.5086976 0.5041784 0.5002288 0.4968623 0.4940908 0.4919244 0.4903711 0.4894368 0.4891249 0.4894368 0.4903711 0.4919244 0.4940908 0.4968623 0.5002288 0.5041784 0.5029665 0.486623 0.4703605 0.4541875
0.05524103 0.07202549 0.08907349 0.1062582 0.1235227 0.1364353 0.1502718 0.1647998 0.1798518 0.1953065 0.2110757 0.2270937 0.2426836 0.257923 0.2734292 0.2891592 0.3050786 0.321159 0.3373775 0.3537152 0.3701561 0.3866872 0.4032973 0.4199772 0.4367187 0.4535151 0.4703605 0.486623 0.5029665 0.5193833 0.5358664 0.5524103 0.5690094 0.5856591 0.5785822 0.5703486 0.5625371 0.5551655 0.5482516 0.5418129 0.5358664 0.5304289 0.5255162 0.5211428 0.5173227 0.5140682 0.51139 0.5092971 0.507797 0.5068948 0.5065937 0.5068948 0.507797 0.5092971 0.51139 0.5140682 0.5173227 0.5137713 0.4971693 0.4806287 0.4641562 0.4477592
0.05240624 0.06987499 0.08734374 0.09881816 0.1118546 0.1259689 0.1408376 0.1562452 0.1720472 0.1881442 0.2037189 0.2188828 0.2343678 0.2501144 0.2660761 0.2822163 0.2985061 0.3149223 0.3314462 0.3480623 0.3647582 0.3815232 0.3983487 0.4152274 0.4314463 0.4477592 0.4641562 0.4806287 0.4971693 0.5137713 0.5304289 0.5471373 0.5638916 0.5806881 0.5939374 0.5859196 0.5783185 0.5711506 0.5644325 0.5581805 0.5524103 0.5471373 0.5423758 0.5381395 0.5344409 0.5312912 0.5287002 0.5266762 0.5252257 0.5243535 0.5240625 0.5243535 0.5252257 0.5266762 0.5287002 0.5312912 0.5255162 0.5086976 0.4919244 0.4752013 0.4585338 0.4419282
0.04940908 0.06298447 0.07411362 0.08734374 0.1018594 0.1171839 0.133038 0.1492531 0.1647998 0.1798518 0.1953065 0.2110757 0.2270937 0.2433115 0.2596916 0.2762052 0.2928296 0.309547 0.3263431 0.3432064 0.3601274 0.3762884 0.3925613 0.4089329 0.4253918 0.4419282 0.4585338 0.4752013 0.4919244 0.5086976 0.5255162 0.5423758 0.5592728 0.5762039 0.5931662 0.6015949 0.5941942 0.5872203 0.5806881 0.574613 0.5690094 0.5638916 0.5592728 0.5551655 0.5515811 0.5485298 0.5460206 0.5440611 0.542657 0.5418129 0.5415312 0.5418129 0.542657 0.5440611 0.5460206 0.5381395 0.5211428 0.5041784 0.4872497 0.4703605 0.4535151 0.4367187
0.03906131 0.04940908 0.06298447 0.07812262 0.09407209 0.1104821 0.1259689 0.1408376 0.1562452 0.1720472 0.1881442 0.2044664 0.2209641 0.2376007 0.2543488 0.2711879 0.288102 0.3050786 0.321159 0.3373775 0.3537152 0.3701561 0.3866872 0.4032973 0.4199772 0.4367187 0.4535151 0.4703605 0.4872497 0.5041784 0.5211428 0.5381395 0.5551655 0.5722182 0.5892952 0.6063946 0.6101571 0.6033676 0.5970122 0.5911049 0.5856591 0.5806881 0.5762039 0.5722182 0.5687412 0.5657825 0.5633502 0.5614511 0.5600907 0.5592728 0.559 0.5592728 0.5600907 0.5614511 0.5515811 0.5344409 0.5173227 0.5002288 0.4831617 0.4661243 0.4491201 0.4321529
0.02470454 0.03906131 0.05524103 0.07202549 0.08734374 0.1018594 0.1171839 0.133038 0.1492531 0.1657231 0.1823791 0.1991744 0.2160765 0.2330622 0.2501144 0.2660761 0.2822163 0.2985061 0.3149223 0.3314462 0.3480623 0.3647582 0.3815232 0.3983487 0.4152274 0.4321529 0.4491201 0.4661243 0.4831617 0.5002288 0.5173227 0.5344409 0.5515811 0.5687412 0.5856591 0.6023552 0.619094 0.6195867 0.6133993 0.6076514 0.6023552 0.5975231 0.5931662 0.5892952 0.5859196 0.583048 0.5806881 0.5788459 0.5775264 0.5767333 0.5764686 0.5767333 0.5775264 0.5644325 0.5482516 0.5312912 0.5140682 0.4968623 0.4796754 0.4625096 0.4453674 0.4282516
0.01746875 0.0349375 0.04940908 0.06298447 0.07812262 0.09407209 0.1104821 0.1271744 0.144051 0.1610539 0.178147 0.1953065 0.2110757 0.2270937 0.2433115 0.2596916 0.2762052 0.2928296 0.309547 0.3263431 0.3432064 0.3601274 0.3770984 0.3941129 0.4111655 0.4282516 0.4453674 0.4625096 0.4796754 0.4968623 0.5137713 0.5304289 0.5471373 0.5638916 0.5806881 0.5975231 0.6143935 0.6312965 0.6298447 0.6242481 0.619094 0.6143935 0.6101571 0.6063946 0.6031147 0.6003254 0.5980336 0.596245 0.5949641 0.5941942 0.5939374 0.5911049 0.574613 0.5581805 0.5418129 0.5255162 0.5092971 0.4931635 0.476804 0.459531 0.4422734 0.425033
0.01746875 0.02470454 0.03906131 0.05524103 0.07202549 0.08907349 0.1062582 0.1235227 0.1408376 0.1562452 0.1720472 0.1881442 0.2044664 0.2209641 0.2376007 0.2543488 0.2711879 0.288102 0.3050786 0.3221078 0.3391817 0.3562939 0.3734392 0.390613 0.407812 0.425033 0.4419282 0.4585338 0.4752013 0.4919244 0.5086976 0.5255162 0.5423758 0.5592728 0.5762039 0.5931662 0.6101571 0.6271743 0.6442156 0.6408912 0.635872 0.6312965 0.6271743 0.6235144 0.620325 0.6176135 0.6153861 0.613648 0.6124036 0.6116557 0.6023552 0.5856591 0.5690094 0.5524103 0.5358664 0.5193833 0.5029665 0.486623 0.4703605 0.4541875 0.438114 0.4221514
0 0.01746875 0.0349375 0.05240624 0.06987499 0.08734374 0.1018594 0.1171839 0.133038 0.1492531 0.1657231 0.1823791 0.1991744 0.2160765 0.2330622 0.2501144 0.2672204 0.2843706 0.3015574 0.3187747 0.3360181 0.3532836 0.3701561 0.3866872 0.4032973 0.4199772 0.4367187 0.4535151 0.4703605 0.4872497 0.5041784 0.5211428 0.5381395 0.5551655 0.5722182 0.5892952 0.6063946 0.6235144 0.6406531 0.6575772 0.6526863 0.6482294 0.6442156 0.6406531 0.6375495 0.6349115 0.632745 0.6310547 0.6298447 0.6143935 0.5975231 0.5806881 0.5638916 0.5471373 0.5304289 0.5137713 0.4971693 0.4806287 0.4641562 0.4477592 0.4314463 0.4152274
0 0.01746875 0.0349375 0.04940908 0.06298447 0.07812262 0.09407209 0.1104821 0.1271744 0.144051 0.1610539 0.178147 0.1953065 0.2125165 0.2297655 0.2470454 0.2643501 0.2816751 0.2985061 0.3149223 0.3314462 0.3480623 0.3647582 0.3815232 0.3983487 0.4152274 0.4321529 0.4491201 0.4661243 0.4831617 0.5002288 0.5173227 0.5344409 0.5515811 0.5687412 0.5859196 0.6031147 0.620325 0.6375495 0.6547868 0.6695341 0.6651901 0.6612792 0.6578091 0.6547868 0.6522186 0.6501097 0.6442156 0.6271743 0.6101571 0.5931662 0.5762039 0.5592728 0.5423758 0.5255162 0.5086976 0.4919244 0.4752013 0.4585338 0.4419282 0.4253918 0.4089329
0 0.01746875 0.02470454 0.03906131 0.05524103 0.07202549 0.08907349 0.1062582 0.1235227 0.1408376 0.1581862 0.1755587 0.1929486 0.2103516 0.2270937 0.2433115 0.2596916 0.2762052 0.2928296 0.309547 0.3263431 0.3432064 0.3601274 0.3770984 0.3941129 0.4111655 0.4282516 0.4453674 0.4625096 0.4796754 0.4968623 0.5140682 0.5312912 0.5485298 0.5657825 0.583048 0.6003254 0.6176135 0.6349115 0.6522186 0.6695341 0.6821764 0.6783634 0.6749812 0.6720362 0.6695341 0.6578091 0.6406531 0.6235144 0.6063946 0.5892952 0.5722182 0.5551655 0.5381395 0.5211428 0.5041784 0.4872497 0.4703605 0.4535151 0.4367187 0.4199772 0.4032973
0 0 0.01746875 0.0349375 0.05240624 0.06987499 0.08734374 0.1048125 0.1222812 0.13975 0.1562452 0.1720472 0.1881442 0.2044664 0.2209641 0.2376007 0.2543488 0.2711879 0.288102 0.3050786 0.3221078 0.3391817 0.3562939 0.3734392 0.390613 0.407812 0.425033 0.4422734 0.459531 0.476804 0.4940908 0.51139 0.5287002 0.5460206 0.5633502 0.5806881 0.5980336 0.6153861 0.632745 0.6501097 0.6674799 0.6848551 0.6954668 0.6921681 0.6892965 0.6720362 0.6547868 0.6375495 0.620325 0.6031147 0.5859196 0.5687412 0.5515811 0.5344409 0.5173227 0.5002288 0.4831617 0.4661243 0.4491201 0.4321529 0.4152274 0.3983487
0 0 0.01746875 0.0349375 0.05240624 0.06987499 0.08734374 0.1018594 0.1171839 0.133038 0.1492531 0.1657231 0.1823791 0.1991744 0.2160765 0.2330622 0.2501144 0.2672204 0.2843706 0.3015574 0.3187747 0.3360181 0.3532836 0.3705681 0.3878691 0.4051846 0.4225126 0.4398518 0.4572009 0.4745587 0.4919244 0.5092971 0.5266762 0.5440611 0.5614511 0.5788459 0.596245 0.613648 0.6310547 0.6484648 0.6658779 0.6832938 0.7007124 0.7041878 0.6868573 0.6695341 0.6522186 0.6349115 0.6176135 0.6003254 0.583048 0.5657825 0.5485298 0.5312912 0.5140682 0.4968623 0.4796754 0.4625096 0.4453674 0.4282516 0.4111655 0.3941129
0.01746875 0 0.01746875 0.0349375 0.04940908 0.06298447 0.07812262 0.09407209 0.1104821 0.1271744 0.144051 0.1610539 0.178147 0.1953065 0.2125165 0.2297655 0.2470454 0.2643501 0.2816751 0.2990168 0.3163725 0.33374 0.3511175 0.3685036 0.3858972 0.4032973 0.4207031 0.438114 0.4555292 0.4729484 0.4903711 0.507797 0.5252257 0.542657 0.5600907 0.5775264 0.5949641 0.6124036 0.6298447 0.6472872 0.6647312 0.6821764 0.6996228 0.702235 0.6848551 0.6674799 0.6501097 0.632745 0.6153861 0.5980336 0.5806881 0.5633502 0.5460206 0.5287002 0.51139 0.4940908 0.476804 0.459531 0.4422734 0.425033 0.407812 0.390613
0 0 0.01746875 0.02470454 0.03906131 0.05524103 0.07202549 0.08907349 0.1062582 0.1235227 0.1408376 0.1581862 0.1755587 0.1929486 0.2103516 0.2277646 0.2451856 0.2626128 0.2800453 0.297482 0.3149223 0.3323656 0.3498114 0.3672594 0.3847092 0.4021608 0.4196137 0.4370679 0.4545233 0.4719796 0.4894368 0.5068948 0.5243535 0.5418129 0.5592728 0.5767333 0.5941942 0.6116557 0.6291175 0.6465797 0.6640422 0.6815051 0.6989682 0.6974385 0.6832938 0.6658779 0.6484648 0.6310547 0.613648 0.596245 0.5788459 0.5614511 0.5440611 0.5266762 0.5092971 0.4919244 0.4745587 0.4572009 0.4398518 0.4225126 0.4051846 0.3878691
0 0 0 0.01746875 0.0349375 0.05240624 0.06987499 0.08734374 0.1048125 0.1222812 0.13975 0.1572187 0.1746875 0.1921562 0.209625 0.2270937 0.2445625 0.2620312 0.2795 0.2969687 0.3144374 0.3319062 0.3493749 0.3668437 0.3843125 0.4017812 0.41925 0.4367187 0.4541875 0.4716562 0.4891249 0.5065937 0.5240625 0.5415312 0.559 0.5764686 0.5939374 0.6114061 0.6288749 0.6463436 0.6638124 0.6812811 0.6881889 0.6812811 0.6747551 0.6647312 0.6472872 0.6298447 0.6124036 0.5949641 0.5775264 0.5600907 0.542657 0.5252257 0.507797 0.4903711 0.4729484 0.4555292 0.438114 0.4207031 0.4032973 0.3858972
