ascii_files/dist_urban.txt
ncols         303
nrows         392
xllcorner     182592.33643186
yllcorner     3271602.003708
cellsize      200
NODATA_value  -9999
[rows 324 to 350 of 392, columns 122 to 182 of 303]
-9999 -9999 -9999 -9999 0.5314863 0.5348788 0.538318 0.5418026 0.5453321 0.5489055 0.5525219 0.5561805 0.5598804 0.5636209 0.5674012 0.5712204 0.5750777 0.5789726 0.582904 0.5868714 0.590874 0.5949111 0.598982 0.6030861 0.6072226 0.6113907 0.6155902 0.61982 0.6240798 0.6283689 0.6326866 0.6370324 0.6414058 0.6458061 0.6502329 0.6546856 0.6591636 0.6636664 0.6681936 0.6727447 0.6773192 0.6819165 0.6865363 0.691178 0.6958413 0.7005258 0.7052309 0.7099563 0.7147017 0.7194665 0.7242504 0.7290531 0.7338741 0.7387131 0.7435698 0.7484438 0.7533348 0.7582424 0.7631663 0.7681063 0.7730619
-9999 -9999 -9999 -9999 0.536516 0.5398771 0.5432845 0.5467376 0.5502354 0.5537772 0.5573619 0.5609889 0.5646573 0.5683664 0.5721152 0.5759032 0.5797294 0.5835932 0.5874938 0.5914304 0.5954023 0.599409 0.6034495 0.6075234 0.6116297 0.6157683 0.6199379 0.6241384 0.6283689 0.6326289 0.6369177 0.6412349 0.6455798 0.6499519 0.6543506 0.6587754 0.6632258 0.6677013 0.6722013 0.6767254 0.6812731 0.6858439 0.6904374 0.6950532 0.6996906 0.7043495 0.7090292 0.7137296 0.71845 0.7231901 0.7279495 0.7327279 0.7375249 0.7423402 0.7471733 0.7520239 0.7568917 0.7617764 0.7666777 0.7715951 0.7765285
-9999 -9999 -9999 -9999 0.5415666 0.5448964 0.5482727 0.5516946 0.5551612 0.5586717 0.5622252 0.5658211 0.5694584 0.5731364 0.5768542 0.5806113 0.5844067 0.5882397 0.5921097 0.5960158 0.5999574 0.6039337 0.6079443 0.6119881 0.6160649 0.6201737 0.624314 0.6284851 0.6326866 0.6369177 0.6411779 0.6454666 0.6497831 0.6541272 0.658498 0.6628951 0.667318 0.6717663 0.6762393 0.6807365 0.6852576 0.6898021 0.6943693 0.6989591 0.7035708 0.7082042 0.7128586 0.7175338 0.7222293 0.7269448 0.7316799 0.7364341 0.7412071 0.7459985 0.7508081 0.7556354 0.7604802 0.7653419 0.7702204 0.7751155 0.7800266
-9999 -9999 -9999 0.5433854 0.5466373 0.5499365 0.553282 0.556673 0.5601088 0.5635886 0.5671113 0.5706763 0.5742829 0.5779302 0.5816174 0.5853438 0.5891087 0.5929114 0.5967511 0.600627 0.6045386 0.6084849 0.6124657 0.6164799 0.6205271 0.6246065 0.6287177 0.6328598 0.6370324 0.6412349 0.6454666 0.6497269 0.6540154 0.6583315 0.6626746 0.6670442 0.6714398 0.6758608 0.6803069 0.6847775 0.689272 0.6937902 0.6983314 0.7028953 0.7074814 0.7120893 0.7167184 0.7213687 0.7260394 0.7307303 0.735441 0.740171 0.74492 0.7496879 0.7544739 0.7592779 0.7640994 0.7689384 0.7737942 0.7786669 0.7835556
-9999 -9999 -9999 0.548506 0.5517277 0.5549966 0.5583118 0.5616724 0.5650778 0.5685272 0.5720195 0.5755541 0.5791304 0.5827473 0.5864042 0.5901005 0.5938352 0.5976077 0.6014174 0.6052635 0.6091453 0.613062 0.6170132 0.620998 0.625016 0.6290663 0.6331485 0.6372618 0.6414058 0.6455798 0.6497831 0.6540154 0.658276 0.6625643 0.6668798 0.671222 0.6755905 0.6799845 0.6844038 0.6888478 0.6933159 0.6978079 0.7023231 0.7068613 0.7114218 0.7160043 0.7206084 0.7252337 0.7298796 0.734546 0.7392324 0.7439383 0.7486634 0.7534075 0.7581701 0.7629508 0.7677494 0.7725654 0.7773986 0.7822487 0.7871153
-9999 -9999 0.550501 0.5536451 0.5568371 0.5600762 0.5633616 0.5666923 0.5700677 0.5734869 0.5769492 0.5804539 0.5840001 0.587587 0.5912141 0.5948804 0.5985853 0.6023281 0.6061081 0.6099246 0.6137769 0.6176643 0.6215863 0.625542 0.6295308 0.6335524 0.6376059 0.6416906 0.6458061 0.6499519 0.6541272 0.6583315 0.6625643 0.666825 0.6711132 0.6754282 0.6797695 0.6841367 0.6885294 0.6929469 0.6973888 0.7018547 0.7063441 0.7108566 0.7153916 0.7199488 0.7245279 0.7291282 0.7337496 0.7383915 0.7430536 0.7477354 0.7524368 0.7571573 0.7618963 0.7666538 0.7714294 0.7762226 0.7810332 0.7858608 0.7907052
-9999 -9999 0.5556875 0.5588025 0.5619652 0.5651748 0.5684307 0.5717319 0.5750777 0.5784674 0.5819001 0.5853751 0.5888916 0.5924489 0.5960464 0.5996832 0.6033586 0.6070721 0.6108226 0.6146098 0.6184329 0.6222913 0.6261843 0.6301111 0.6340714 0.6380642 0.6420891 0.6461456 0.6502329 0.6543506 0.658498 0.6626746 0.6668798 0.6711132 0.675374 0.679662 0.6839765 0.6883171 0.6926832 0.6970744 0.7014902 0.7059301 0.7103937 0.7148806 0.7193903 0.7239224 0.7284764 0.733052 0.7376488 0.7422664 0.7469042 0.7515621 0.7562397 0.7609364 0.7656522 0.7703865 0.775139 0.7799095 0.7846974 0.7895027 0.7943249
-9999 -9999 0.5608912 0.5639775 0.5671113 0.570292 0.5735188 0.5767909 0.5801076 0.5834679 0.5868714 0.5903171 0.5938044 0.5973325 0.6009008 0.6045083 0.6081546 0.6118389 0.6155605 0.6193187 0.6231129 0.6269425 0.6308067 0.6347049 0.6386366 0.6426011 0.6465979 0.6506262 0.6546856 0.6587754 0.6628951 0.6670442 0.671222 0.6754282 0.679662 0.6839231 0.6882109 0.6925249 0.6968647 0.7012297 0.7056194 0.7100336 0.7144715 0.718933 0.7234174 0.7279244 0.7324536 0.7370045 0.7415767 0.7461699 0.7507837 0.7554177 0.7600716 0.7647448 0.7694372 0.7741483 0.7788779 0.7836256 0.7883911 0.7931738 0.7979739
-9999 -9999 0.5661117 0.5691696 0.572275 0.5754271 0.5786253 0.5818687 0.5851566 0.5884882 0.5918627 0.5952796 0.5987379 0.6022372 0.6057764 0.6093552 0.6129726 0.6166281 0.620321 0.6240506 0.6278161 0.6316172 0.635453 0.6393229 0.6432263 0.6471628 0.6511315 0.6551319 0.6591636 0.6632258 0.667318 0.6714398 0.6755905 0.6797695 0.6839765 0.6882109 0.6924722 0.6967598 0.7010732 0.7054123 0.7097762 0.7141646 0.7185771 0.7230132 0.7274725 0.7319545 0.7364588 0.7409852 0.745533 0.750102 0.7546918 0.759302 0.763932 0.7685819 0.773251 0.777939 0.7826457 0.7873706 0.7921135 0.796874 0.8016519
-9999 -9999 -9999 0.5743784 0.5774557 0.5805798 0.5837497 0.5869648 0.5902243 0.5935275 0.5968735 0.6002618 0.6036917 0.6071623 0.6106731 0.6142233 0.6178122 0.6214393 0.6251037 0.6288049 0.6325422 0.636315 0.6401227 0.6439645 0.6478401 0.6517486 0.6556895 0.6596623 0.6636664 0.6677013 0.6717663 0.6758608 0.6799845 0.6841367 0.6883171 0.6925249 0.6967598 0.7010211 0.7053087 0.7096217 0.7139599 0.7183228 0.7227099 0.7271207 0.731555 0.7360121 0.7404919 0.7449936 0.7495172 0.754062 0.7586278 0.7632142 0.7678208 0.7724472 0.777093 0.7817581 0.7864419 0.7911441 0.7958646 0.8006027 0.8053585
-9999 -9999 -9999 0.5796034 0.5826532 0.5857495 0.5888916 0.5920788 0.5953103 0.5985853 0.6019033 0.6052635 0.6086651 0.6121076 0.6155902 0.6191121 0.6226729 0.6262718 0.6299081 0.6335813 0.6372905 0.6410354 0.6448151 0.6486293 0.652477 0.6563579 0.6602714 0.6642168 0.6681936 0.6722013 0.6762393 0.6803069 0.6844038 0.6885294 0.6926832 0.6968647 0.7010732 0.7053087 0.7095702 0.7138575 0.7181701 0.7225076 0.7268694 0.7312552 0.7356645 0.7400969 0.7445521 0.7490295 0.7535288 0.7580496 0.7625915 0.7671542 0.7717372 0.7763403 0.780963 0.785605 0.790266 0.7949457 0.7996436 0.8043596 0.8090932
-9999 -9999 -9999 -9999 0.5878668 0.5909359 0.5940506 0.5972102 0.600414 0.6036614 0.6069517 0.610284 0.6136578 0.6170724 0.6205271 0.6240212 0.6275542 0.6311252 0.6347337 0.638379 0.6420607 0.6457779 0.6495301 0.6533167 0.657137 0.6609905 0.6648768 0.6687949 0.6727447 0.6767254 0.6807365 0.6847775 0.6888478 0.6929469 0.6970744 0.7012297 0.7054123 0.7096217 0.7138575 0.7181192 0.7224064 0.7267185 0.7310553 0.7354161 0.7398006 0.7442085 0.7486391 0.7530922 0.7575673 0.7620642 0.7665823 0.7711214 0.775681 0.7802608 0.7848604 0.7894796 0.7941177 0.7987749 0.8034505 0.8081442 0.8128558
-9999 -9999 -9999 -9999 -9999 0.5961384 0.5992261 0.6023585 0.6055351 0.6087552 0.612018 0.6153229 0.6186693 0.6220564 0.6254836 0.6289502 0.6324555 0.6359991 0.6395801 0.643198 0.6468521 0.650542 0.6542668 0.6580261 0.6618193 0.6656457 0.6695049 0.6733962 0.6773192 0.6812731 0.6852576 0.689272 0.6933159 0.6973888 0.7014902 0.7056194 0.7097762 0.7139599 0.7181701 0.7224064 0.7266683 0.7309552 0.735267 0.739603 0.7439628 0.7483461 0.7527524 0.7571813 0.7616325 0.7661055 0.7705999 0.7751155 0.7796517 0.7842082 0.7887849 0.7933812 0.7979968 0.8026314 0.8072846 0.8119561 0.8166457
-9999 -9999 -9999 -9999 -9999 -9999 -9999 0.6075234 0.6106731 0.6138662 0.617102 0.6203799 0.6236991 0.627059 0.630459 0.6338984 0.6373765 0.6408929 0.6444467 0.6480374 0.6516644 0.6553272 0.659025 0.6627573 0.6665235 0.6703232 0.6741555 0.6780201 0.6819165 0.6858439 0.6898021 0.6937902 0.6978079 0.7018547 0.7059301 0.7100336 0.7141646 0.7183228 0.7225076 0.7267185 0.7309552 0.7352173 0.7395042 0.7438155 0.7481508 0.7525097 0.7568917 0.7612966 0.7657238 0.770173 0.7746439 0.7791359 0.783649 0.7881824 0.7927361 0.7973095 0.8019025 0.8065147 0.8111457 0.8157951 0.8204628
-9999 -9999 -9999 -9999 -9999 -9999 -9999 0.6127043 0.6158276 0.6189941 0.6222032 0.6254544 0.6287468 0.6320798 0.635453 0.6388655 0.6423168 0.6458061 0.6493331 0.652897 0.6564972 0.6601331 0.6638041 0.6675096 0.6712493 0.6750223 0.6788281 0.6826662 0.6865363 0.6904374 0.6943693 0.6983314 0.7023231 0.7063441 0.7103937 0.7144715 0.7185771 0.7227099 0.7268694 0.7310553 0.735267 0.7395042 0.7437664 0.748053 0.7523639 0.7566986 0.7610565 0.7654374 0.7698408 0.7742664 0.7787138 0.7831824 0.7876722 0.7921827 0.7967135 0.8012643 0.8058347 0.8104245 0.8150333 0.8196607 0.8243064
-9999 -9999 -9999 -9999 -9999 -9999 -9999 0.617901 0.620998 0.6241384 0.6273212 0.6305459 0.6338119 0.6371185 0.640465 0.643851 0.6472757 0.6507385 0.6542389 0.6577762 0.6613498 0.6649591 0.6686037 0.6722828 0.675996 0.6797427 0.6835222 0.6873342 0.691178 0.6950532 0.6989591 0.7028953 0.7068613 0.7108566 0.7148806 0.718933 0.7230132 0.7271207 0.7312552 0.7354161 0.739603 0.7438155 0.748053 0.7523153 0.756602 0.7609125 0.7652465 0.7696034 0.7739832 0.7783852 0.7828091 0.7872546 0.7917213 0.7962089 0.8007169 0.805245 0.8097929 0.8143604 0.818947 0.8235524 0.8281764
-9999 -9999 -9999 -9999 -9999 -9999 0.6200852 0.6231129 0.6261843 0.6292987 0.6324555 0.6356543 0.6388941 0.6421745 0.6454948 0.6488546 0.6522529 0.6556895 0.6591636 0.6626746 0.666222 0.669805 0.6734233 0.6770763 0.6807634 0.6844839 0.6882375 0.6920234 0.6958413 0.6996906 0.7035708 0.7074814 0.7114218 0.7153916 0.7193903 0.7234174 0.7274725 0.731555 0.7356645 0.7398006 0.7439628 0.7481508 0.7523639 0.756602 0.7608644 0.7651509 0.769461 0.7737942 0.7781504 0.7825289 0.7869297 0.791352 0.7957956 0.8002603 0.8047457 0.8092512 0.8137769 0.8183221 0.8228866 0.8274701 0.8320723
-9999 -9999 -9999 -9999 -9999 -9999 0.6253375 0.6283398 0.6313857 0.6344746 0.6376059 0.6407788 0.643993 0.6472475 0.650542 0.6538757 0.6572481 0.6606588 0.6641068 0.6675918 0.6711132 0.6746703 0.6782627 0.6818897 0.6855508 0.6892455 0.6929733 0.6967335 0.7005258 0.7043495 0.7082042 0.7120893 0.7160043 0.7199488 0.7239224 0.7279244 0.7319545 0.7360121 0.7400969 0.7442085 0.7483461 0.7525097 0.7566986 0.7609125 0.7651509 0.7694134 0.7736998 0.7780095 0.7823421 0.7866974 0.7910748 0.7954741 0.799895 0.8043369 0.8087996 0.8132827 0.817786 0.822309 0.8268516 0.8314133 0.8359937
-9999 -9999 -9999 -9999 -9999 -9999 0.6306038 0.6335813 0.6366021 0.6396658 0.6427718 0.6459193 0.649108 0.652337 0.6556059 0.6589141 0.6622609 0.6656457 0.6690681 0.6725274 0.676023 0.6795545 0.6831211 0.6867225 0.690358 0.6940271 0.6977293 0.7014641 0.7052309 0.7090292 0.7128586 0.7167184 0.7206084 0.7245279 0.7284764 0.7324536 0.7364588 0.7404919 0.7445521 0.7486391 0.7527524 0.7568917 0.7610565 0.7652465 0.769461 0.7736998 0.7779625 0.7822487 0.786558 0.79089 0.7952445 0.7996208 0.8040188 0.8084381 0.8128783 0.8173391 0.8218201 0.8263211 0.8308417 0.8353815 0.8399403
-9999 -9999 -9999 -9999 -9999 -9999 0.6358841 0.6388369 0.641833 0.6448718 0.6479528 0.6510754 0.6542389 0.6574427 0.6606864 0.6639692 0.6672906 0.6706502 0.6740471 0.677481 0.6809512 0.6844572 0.6879985 0.6915744 0.6951845 0.6988283 0.7025052 0.7062148 0.7099563 0.7137296 0.7175338 0.7213687 0.7252337 0.7291282 0.733052 0.7370045 0.7409852 0.7449936 0.7490295 0.7530922 0.7571813 0.7612966 0.7654374 0.7696034 0.7737942 0.7780095 0.7822487 0.7865115 0.7907977 0.7951065 0.799438 0.8037915 0.8081668 0.8125635 0.8169813 0.8214198 0.8258787 0.8303577 0.8348563 0.8393745 0.8439118
-9999 -9999 -9999 -9999 -9999 0.6382933 0.6411779 0.6441064 0.6470781 0.6500925 0.6531488 0.6562466 0.6593853 0.6625643 0.6657829 0.6690409 0.6723372 0.6756716 0.6790434 0.6824522 0.6858972 0.689378 0.6928942 0.696445 0.70003 0.7036487 0.7073006 0.7109851 0.7147017 0.71845 0.7222293 0.7260394 0.7298796 0.7337496 0.7376488 0.7415767 0.745533 0.7495172 0.7535288 0.7575673 0.7616325 0.7657238 0.7698408 0.7739832 0.7781504 0.7823421 0.786558 0.7907977 0.7950606 0.7993466 0.8036551 0.8079859 0.8123387 0.8167129 0.8211084 0.8255246 0.8299615 0.8344186 0.8388955 0.843392 0.8479077
-9999 -9999 -9999 -9999 -9999 -9999 0.6464848 0.6493894 0.652337 0.6553272 0.6583593 0.6614326 0.6645469 0.6677013 0.6708953 0.6741284 0.6774001 0.6807097 0.6840566 0.6874405 0.6908607 0.6943167 0.6978079 0.7013339 0.704894 0.7084879 0.7121149 0.7157747 0.7194665 0.7231901 0.7269448 0.7307303 0.734546 0.7383915 0.7422664 0.7461699 0.750102 0.754062 0.7580496 0.7620642 0.7661055 0.770173 0.7742664 0.7783852 0.7825289 0.7866974 0.79089 0.7951065 0.7993466 0.8036096 0.8078954 0.8122037 0.8165339 0.8208858 0.825259 0.8296533 0.8340682 0.8385034 0.8429586 0.8474336 0.8519279
-9999 -9999 -9999 -9999 -9999 -9999 0.6518046 0.6546856 0.6576095 0.6605757 0.6635838 0.6666331 0.6697232 0.6728534 0.676023 0.6792318 0.6824789 0.685764 0.6890865 0.6924458 0.6958413 0.6992726 0.7027393 0.7062407 0.7097762 0.7133455 0.7169479 0.7205831 0.7242504 0.7279495 0.7316799 0.735441 0.7392324 0.7430536 0.7469042 0.7507837 0.7546918 0.7586278 0.7625915 0.7665823 0.7705999 0.7746439 0.7787138 0.7828091 0.7869297 0.7910748 0.7952445 0.799438 0.8036551 0.8078954 0.8121587 0.8164444 0.8207522 0.8250819 0.829433 0.8338052 0.8381982 0.8426117 0.8470454 0.8514988 0.8559719
-9999 -9999 -9999 -9999 -9999 -9999 0.657137 0.6599946 0.6628951 0.6658379 0.6688223 0.6718478 0.674914 0.6780201 0.6811658 0.6843504 0.6875734 0.6908343 0.6941324 0.6974674 0.7008386 0.7042457 0.707688 0.7111649 0.7146761 0.718221 0.7217991 0.72541 0.7290531 0.7327279 0.7364341 0.740171 0.7439383 0.7477354 0.7515621 0.7554177 0.759302 0.7632142 0.7671542 0.7711214 0.7751155 0.7791359 0.7831824 0.7872546 0.791352 0.7954741 0.7996208 0.8037915 0.8079859 0.8122037 0.8164444 0.8207077 0.8249933 0.8293008 0.8336299 0.8379802 0.8423515 0.8467433 0.8511555 0.8555875 0.8600392
-9999 -9999 -9999 -9999 -9999 -9999 0.6624815 0.6653162 0.6681936 0.6711132 0.6740742 0.6770763 0.6801188 0.6832014 0.6863233 0.6894841 0.6926832 0.6959201 0.6991943 0.7025052 0.7058524 0.7092354 0.7126535 0.7161064 0.7195935 0.7231143 0.7266683 0.7302551 0.7338741 0.7375249 0.7412071 0.74492 0.7486634 0.7524368 0.7562397 0.7600716 0.763932 0.7678208 0.7717372 0.775681 0.7796517 0.783649 0.7876722 0.7917213 0.7957956 0.799895 0.8040188 0.8081668 0.8123387 0.8165339 0.8207522 0.8249933 0.8292567 0.8335422 0.8378494 0.8421779 0.8465275 0.8508978 0.8552884 0.8596992 0.8641298
-9999 -9999 -9999 -9999 -9999 -9999 0.667838 0.6706502 0.6735047 0.6764013 0.6793393 0.6823183 0.6853375 0.6883967 0.6914952 0.6946324 0.6978079 0.7010211 0.7042717 0.7075589 0.7108822 0.7142413 0.7176356 0.7210646 0.7245279 0.7280248 0.731555 0.7351179 0.7387131 0.7423402 0.7459985 0.7496879 0.7534075 0.7571573 0.7609364 0.7647448 0.7685819 0.7724472 0.7763403 0.7802608 0.7842082 0.7881824 0.7921827 0.7962089 0.8002603 0.8043369 0.8084381 0.8125635 0.8167129 0.8208858 0.8250819 0.8293008 0.8335422 0.8378057 0.8420911 0.846398 0.8507259 0.8550748 0.8594442 0.8638337 0.8682432
-9999 -9999 -9999 -9999 -9999 -9999 0.6732063 0.675996 0.6788281 0.6817021 0.6846173 0.6875734 0.6905697 0.6936058 0.6966811 0.699795 0.7029473 0.7061372 0.7093642 0.7126279 0.7159278 0.7192633 0.722634 0.7260394 0.729479 0.7329523 0.7364588 0.7399982 0.7435698 0.7471733 0.7508081 0.7544739 0.7581701 0.7618963 0.7656522 0.7694372 0.773251 0.777093 0.780963 0.7848604 0.7887849 0.7927361 0.7967135 0.8007169 0.8047457 0.8087996 0.8128783 0.8169813 0.8211084 0.825259 0.829433 0.8336299 0.8378494 0.8420911 0.8463548 0.8506401 0.8549466 0.8592741 0.8636222 0.8679906 0.872379
