ascii_files/dist_stream.txt
ncols         303
nrows         392
xllcorner     182592.33643186
yllcorner     3271602.003708
cellsize      200
NODATA_value  -9999
[rows 252 to 279 of 392, columns 62 to 123 of 303]
0.1492531 0.133038 0.1171839 0.1018594 0.08734374 0.06987499 0.05240624 0.0349375 0.01746875 0 0.01746875 0.0349375 0.05240624 0.06987499 0.08734374 0.1048125 0.1222812 0.13975 0.1572187 0.1746875 0.1921562 0.209625 0.2270937 0.2433115 0.2596916 0.2762052 0.2928296 0.309547 0.3263431 0.3432064 0.3601274 0.3762884 0.3925613 0.3866872 0.3701561 0.3537152 0.3373775 0.321159 0.3050786 0.2891592 0.2734292 0.257923 0.2426836 0.2270937 0.2110757 0.1953065 0.1798518 0.1647998 0.1502718 0.1364353 0.1235227 0.1118546 0.09881816 0.08734374 0.07411362 0.06298447 0.04940908 0.03906131 0.0349375 0.0349375 0.02470454 0.01746875
0.144051 0.1271744 0.1104821 0.09407209 0.07812262 0.06298447 0.04940908 0.03906131 0.02470454 0.01746875 0.02470454 0.03906131 0.05524103 0.07202549 0.08907349 0.1062582 0.1235227 0.1408376 0.1581862 0.1755587 0.1929486 0.2103516 0.2277646 0.2451856 0.2626128 0.2800453 0.297482 0.3149223 0.3314462 0.3480623 0.3647582 0.3815232 0.3983487 0.3815232 0.3647582 0.3480623 0.3314462 0.3149223 0.2985061 0.2822163 0.2660761 0.2501144 0.2343678 0.2188828 0.2037189 0.1881442 0.1720472 0.1562452 0.1408376 0.1259689 0.1118546 0.09881816 0.08734374 0.07411362 0.06298447 0.04940908 0.03906131 0.02470454 0.01746875 0.01746875 0.01746875 0
0.1408376 0.1235227 0.1062582 0.08907349 0.07202549 0.05524103 0.03906131 0.02470454 0.01746875 0.02470454 0.03906131 0.04940908 0.06298447 0.07812262 0.09407209 0.1104821 0.1271744 0.144051 0.1610539 0.178147 0.1953065 0.2125165 0.2297655 0.2470454 0.2643501 0.2816751 0.2990168 0.3163725 0.33374 0.3511175 0.3685036 0.3858972 0.3941129 0.3770984 0.3601274 0.3432064 0.3263431 0.309547 0.2928296 0.2762052 0.2596916 0.2433115 0.2270937 0.2110757 0.1953065 0.1798518 0.1647998 0.1492531 0.133038 0.1171839 0.1018594 0.08734374 0.07411362 0.06298447 0.04940908 0.03906131 0.02470454 0.01746875 0 0 0 0.01746875
0.13975 0.1222812 0.1048125 0.08734374 0.06987499 0.05240624 0.0349375 0.01746875 0 0.01746875 0.0349375 0.05240624 0.06987499 0.08734374 0.1018594 0.1171839 0.133038 0.1492531 0.1657231 0.1823791 0.1991744 0.2160765 0.2330622 0.2501144 0.2672204 0.2843706 0.3015574 0.3187747 0.3360181 0.3532836 0.3705681 0.3878691 0.390613 0.3734392 0.3562939 0.3391817 0.3221078 0.3050786 0.288102 0.2711879 0.2543488 0.2376007 0.2209641 0.2044664 0.1881442 0.1720472 0.1562452 0.1408376 0.1259689 0.1104821 0.09407209 0.07812262 0.06298447 0.04940908 0.03906131 0.02470454 0.01746875 0 0 0 0.01746875 0.02470454
0.133038 0.1171839 0.1018594 0.08734374 0.06987499 0.05240624 0.0349375 0.01746875 0 0.01746875 0.0349375 0.05240624 0.06987499 0.08734374 0.1048125 0.1222812 0.13975 0.1562452 0.1720472 0.1881442 0.2044664 0.2209641 0.2376007 0.2543488 0.2711879 0.288102 0.3050786 0.3221078 0.3391817 0.3562939 0.3734392 0.390613 0.3878691 0.3705681 0.3532836 0.3360181 0.3187747 0.3015574 0.2843706 0.2672204 0.2501144 0.2330622 0.2160765 0.1991744 0.1823791 0.1657231 0.1492531 0.133038 0.1171839 0.1018594 0.08734374 0.07202549 0.05524103 0.03906131 0.02470454 0.01746875 0 0 0 0.01746875 0.02470454 0.03906131
0.1271744 0.1104821 0.09407209 0.07812262 0.06298447 0.04940908 0.03906131 0.02470454 0.01746875 0.02470454 0.03906131 0.05524103 0.07202549 0.08907349 0.1062582 0.1235227 0.1408376 0.1581862 0.1755587 0.1929486 0.2103516 0.2270937 0.2433115 0.2596916 0.2762052 0.2928296 0.309547 0.3263431 0.3432064 0.3601274 0.3770984 0.3941129 0.3858972 0.3685036 0.3511175 0.33374 0.3163725 0.2990168 0.2816751 0.2643501 0.2470454 0.2297655 0.2125165 0.1953065 0.178147 0.1610539 0.144051 0.1271744 0.1104821 0.09407209 0.07812262 0.06298447 0.04940908 0.0349375 0.01746875 0 0 0.01746875 0.01746875 0.02470454 0.03906131 0.04940908
0.1235227 0.1062582 0.08907349 0.07202549 0.05524103 0.03906131 0.02470454 0.01746875 0.02470454 0.03906131 0.04940908 0.06298447 0.07812262 0.09407209 0.1104821 0.1271744 0.144051 0.1610539 0.178147 0.1953065 0.2125165 0.2297655 0.2470454 0.2643501 0.2816751 0.2985061 0.3149223 0.3314462 0.3480623 0.3647582 0.3815232 0.3983487 0.3847092 0.3672594 0.3498114 0.3323656 0.3149223 0.297482 0.2800453 0.2626128 0.2451856 0.2277646 0.2103516 0.1929486 0.1755587 0.1581862 0.1408376 0.1235227 0.1062582 0.08907349 0.07202549 0.05524103 0.03906131 0.02470454 0.01746875 0 0.01746875 0.02470454 0.0349375 0.03906131 0.04940908 0.06298447
0.1222812 0.1048125 0.08734374 0.06987499 0.05240624 0.0349375 0.01746875 0 0.01746875 0.0349375 0.05240624 0.06987499 0.08734374 0.1018594 0.1171839 0.133038 0.1492531 0.1657231 0.1823791 0.1991744 0.2160765 0.2330622 0.2501144 0.2672204 0.2843706 0.3015574 0.3187747 0.3360181 0.3532836 0.3701561 0.3866872 0.4017812 0.3843125 0.3668437 0.3493749 0.3319062 0.3144374 0.2969687 0.2795 0.2620312 0.2445625 0.2270937 0.209625 0.1921562 0.1746875 0.1572187 0.13975 0.1222812 0.1048125 0.08734374 0.06987499 0.05240624 0.0349375 0.01746875 0 0 0.01746875 0.0349375 0.04940908 0.05524103 0.06298447 0.07411362
0.1222812 0.1048125 0.08734374 0.06987499 0.05240624 0.0349375 0.01746875 0 0.01746875 0.0349375 0.05240624 0.06987499 0.08734374 0.1048125 0.1222812 0.13975 0.1562452 0.1720472 0.1881442 0.2044664 0.2209641 0.2376007 0.2543488 0.2711879 0.288102 0.3050786 0.3221078 0.3391817 0.3562939 0.3734392 0.390613 0.4017812 0.3843125 0.3668437 0.3493749 0.3319062 0.3144374 0.2969687 0.2795 0.2620312 0.2445625 0.2270937 0.209625 0.1921562 0.1746875 0.1572187 0.13975 0.1222812 0.1048125 0.08734374 0.06987499 0.05240624 0.0349375 0.01746875 0 0 0.01746875 0.0349375 0.05240624 0.06987499 0.07812262 0.08734374
0.1171839 0.1018594 0.08734374 0.07202549 0.05524103 0.03906131 0.02470454 0.01746875 0.02470454 0.03906131 0.05524103 0.07202549 0.08907349 0.1062582 0.1235227 0.1408376 0.1581862 0.1755587 0.1929486 0.2103516 0.2270937 0.2433115 0.2596916 0.2762052 0.2928296 0.309547 0.3263431 0.3432064 0.3601274 0.3770984 0.3941129 0.4017812 0.3843125 0.3668437 0.3493749 0.3319062 0.3144374 0.2969687 0.2795 0.2620312 0.2445625 0.2270937 0.209625 0.1921562 0.1746875 0.1572187 0.13975 0.1222812 0.1048125 0.08734374 0.06987499 0.05240624 0.0349375 0.01746875 0 0 0.01746875 0.0349375 0.05240624 0.06987499 0.08734374 0.1018594
0.1104821 0.09407209 0.07812262 0.06298447 0.04940908 0.03906131 0.0349375 0.0349375 0.03906131 0.04940908 0.06298447 0.07812262 0.09407209 0.1104821 0.1271744 0.144051 0.1610539 0.178147 0.1953065 0.2125165 0.2297655 0.2470454 0.2643501 0.2816751 0.2985061 0.3149223 0.3314462 0.3480623 0.3647582 0.3815232 0.3983487 0.4017812 0.3843125 0.3668437 0.3493749 0.3319062 0.3144374 0.2969687 0.2795 0.2620312 0.2445625 0.2270937 0.209625 0.1921562 0.1746875 0.1572187 0.13975 0.1222812 0.1048125 0.08734374 0.06987499 0.05240624 0.0349375 0.01746875 0 0 0.01746875 0.0349375 0.05240624 0.06987499 0.08734374 0.09881816
0.1062582 0.08907349 0.07202549 0.05524103 0.03906131 0.02470454 0.01746875 0.02470454 0.03906131 0.05524103 0.07202549 0.08734374 0.1018594 0.1171839 0.133038 0.1492531 0.1657231 0.1823791 0.1991744 0.2160765 0.2330622 0.2501144 0.2672204 0.2843706 0.3015574 0.3187747 0.3360181 0.3532836 0.3701561 0.3866872 0.4032973 0.4017812 0.3843125 0.3668437 0.3493749 0.3319062 0.3144374 0.2969687 0.2795 0.2620312 0.2445625 0.2270937 0.209625 0.1921562 0.1746875 0.1572187 0.13975 0.1222812 0.1048125 0.08734374 0.06987499 0.05240624 0.0349375 0.01746875 0 0 0.01746875 0.0349375 0.04940908 0.06298447 0.07411362 0.08734374
0.1048125 0.08734374 0.06987499 0.05240624 0.0349375 0.01746875 0 0.01746875 0.0349375 0.05240624 0.06987499 0.08734374 0.1048125 0.1222812 0.13975 0.1562452 0.1720472 0.1881442 0.2044664 0.2209641 0.2376007 0.2543488 0.2711879 0.288102 0.3050786 0.3221078 0.3391817 0.3562939 0.3734392 0.390613 0.407812 0.4017812 0.3843125 0.3668437 0.3493749 0.3319062 0.3144374 0.2969687 0.2795 0.2620312 0.2445625 0.2270937 0.209625 0.1921562 0.1746875 0.1572187 0.13975 0.1222812 0.1048125 0.08734374 0.06987499 0.05240624 0.0349375 0.01746875 0 0 0.01746875 0.02470454 0.03906131 0.04940908 0.06298447 0.07411362
0.1048125 0.08734374 0.06987499 0.05240624 0.0349375 0.01746875 0 0.01746875 0.0349375 0.05240624 0.06987499 0.08734374 0.1048125 0.1222812 0.13975 0.1572187 0.1746875 0.1921562 0.209625 0.2270937 0.2433115 0.2596916 0.2762052 0.2928296 0.309547 0.3263431 0.3432064 0.3601274 0.3770984 0.3941129 0.4111655 0.4021608 0.3847092 0.3672594 0.3498114 0.3323656 0.3149223 0.297482 0.2800453 0.2626128 0.2451856 0.2277646 0.2103516 0.1929486 0.1755587 0.1581862 0.1408376 0.1235227 0.1062582 0.08907349 0.07202549 0.05524103 0.03906131 0.02470454 0.01746875 0.01746875 0 0.01746875 0.02470454 0.03906131 0.04940908 0.06298447
0.1048125 0.08734374 0.06987499 0.05240624 0.0349375 0.01746875 0 0.01746875 0.0349375 0.05240624 0.06987499 0.08734374 0.1048125 0.1222812 0.13975 0.1572187 0.1746875 0.1921562 0.209625 0.2270937 0.2445625 0.2620312 0.2795 0.2969687 0.3144374 0.3314462 0.3480623 0.3647582 0.3815232 0.3983487 0.4122773 0.3983487 0.3847092 0.3685036 0.3511175 0.33374 0.3163725 0.2990168 0.2816751 0.2643501 0.2470454 0.2297655 0.2125165 0.1953065 0.178147 0.1610539 0.144051 0.1271744 0.1104821 0.09407209 0.07812262 0.06298447 0.04940908 0.03906131 0.0349375 0.02470454 0.01746875 0 0.01746875 0.02470454 0.03906131 0.04940908
0.1048125 0.08734374 0.06987499 0.05240624 0.0349375 0.01746875 0 0.01746875 0.0349375 0.05240624 0.06987499 0.08734374 0.1048125 0.1222812 0.13975 0.1572187 0.1746875 0.1921562 0.209625 0.2270937 0.2445625 0.2620312 0.2795 0.2969687 0.3144374 0.3319062 0.3493749 0.3668437 0.3843125 0.4017812 0.4021608 0.3878691 0.3738475 0.3601274 0.3467447 0.3314462 0.3149223 0.2985061 0.2822163 0.2660761 0.2501144 0.2330622 0.2160765 0.1991744 0.1823791 0.1657231 0.1492531 0.133038 0.1171839 0.1018594 0.08734374 0.07411362 0.06298447 0.05524103 0.04940908 0.03906131 0.02470454 0.01746875 0 0.01746875 0.02470454 0.0349375
0.1048125 0.08734374 0.06987499 0.05240624 0.0349375 0.01746875 0 0.01746875 0.0349375 0.05240624 0.06987499 0.08734374 0.1048125 0.1222812 0.13975 0.1572187 0.1746875 0.1921562 0.209625 0.2270937 0.2445625 0.2620312 0.2795 0.2969687 0.3144374 0.3319062 0.3493749 0.3668437 0.3843125 0.4017812 0.3925613 0.3779068 0.3635011 0.3493749 0.3355637 0.3221078 0.3090537 0.2928296 0.2762052 0.2596916 0.2433115 0.2270937 0.2110757 0.1953065 0.1798518 0.1647998 0.1502718 0.1364353 0.1235227 0.1118546 0.09881816 0.08734374 0.07812262 0.07202549 0.06298447 0.04940908 0.03906131 0.02470454 0.01746875 0 0.01746875 0.01746875
0.1048125 0.08734374 0.06987499 0.05240624 0.0349375 0.01746875 0 0.01746875 0.0349375 0.05240624 0.06987499 0.08734374 0.1048125 0.1222812 0.13975 0.1572187 0.1746875 0.1921562 0.209625 0.2270937 0.2445625 0.2620312 0.2795 0.2969687 0.3144374 0.3319062 0.3493749 0.3668437 0.3843125 0.3987316 0.3835176 0.3685036 0.3537152 0.3391817 0.3249375 0.3110222 0.297482 0.2843706 0.2711879 0.2543488 0.2376007 0.2209641 0.2044664 0.1881442 0.1720472 0.1562452 0.1408376 0.1259689 0.1118546 0.09881816 0.08734374 0.07812262 0.07202549 0.06987499 0.06987499 0.06298447 0.04940908 0.03906131 0.02470454 0.01746875 0 0
0.1048125 0.08734374 0.06987499 0.05240624 0.0349375 0.01746875 0 0.01746875 0.0349375 0.05240624 0.06987499 0.08734374 0.1048125 0.1222812 0.13975 0.1572187 0.1746875 0.1921562 0.209625 0.2270937 0.2445625 0.2620312 0.2795 0.2969687 0.3144374 0.3319062 0.3493749 0.3668437 0.3843125 0.390613 0.3750699 0.3597035 0.3445376 0.3295997 0.3149223 0.3005437 0.2865088 0.2728706 0.2596916 0.2470454 0.2330622 0.2160765 0.1991744 0.1823791 0.1657231 0.1492531 0.133038 0.1171839 0.1018594 0.08734374 0.07411362 0.06298447 0.05524103 0.05240624 0.05240624 0.05240624 0.05524103 0.04940908 0.03906131 0.02470454 0.01746875 0
0.1048125 0.08734374 0.06987499 0.05240624 0.0349375 0.01746875 0 0.01746875 0.0349375 0.05240624 0.06987499 0.08734374 0.1048125 0.1222812 0.13975 0.1572187 0.1746875 0.1921562 0.209625 0.2270937 0.2445625 0.2620312 0.2795 0.2969687 0.3144374 0.3319062 0.3493749 0.3668437 0.3843125 0.3831195 0.3672594 0.3515518 0.3360181 0.3206836 0.3055783 0.2907379 0.2762052 0.2620312 0.2482776 0.235018 0.2223409 0.2103516 0.1953065 0.178147 0.1610539 0.144051 0.1271744 0.1104821 0.09407209 0.07812262 0.06298447 0.04940908 0.03906131 0.0349375 0.0349375 0.0349375 0.03906131 0.04940908 0.04940908 0.0349375 0.01746875 0
0.1062582 0.08907349 0.07202549 0.05524103 0.03906131 0.02470454 0.01746875 0.02470454 0.03906131 0.05524103 0.07202549 0.08907349 0.1062582 0.1235227 0.1408376 0.1581862 0.1755587 0.1929486 0.2103516 0.2277646 0.2451856 0.2626128 0.2800453 0.297482 0.3149223 0.3323656 0.3498114 0.3672594 0.3847092 0.3762884 0.3601274 0.3440944 0.328208 0.3124905 0.2969687 0.2816751 0.2666489 0.2519379 0.2376007 0.2237091 0.2103516 0.1976363 0.1856953 0.1729318 0.1581862 0.1408376 0.1235227 0.1062582 0.08907349 0.07202549 0.05524103 0.03906131 0.02470454 0.01746875 0.01746875 0.01746875 0.02470454 0.0349375 0.0349375 0.0349375 0.01746875 0
0.1104821 0.09407209 0.07812262 0.06298447 0.04940908 0.03906131 0.0349375 0.03906131 0.04940908 0.06298447 0.07812262 0.09407209 0.1104821 0.1271744 0.144051 0.1610539 0.178147 0.1953065 0.2125165 0.2297655 0.2470454 0.2643501 0.2816751 0.2990168 0.3163725 0.33374 0.3511175 0.3685036 0.3858972 0.3701561 0.3537152 0.3373775 0.321159 0.3050786 0.2891592 0.2734292 0.257923 0.2426836 0.2277646 0.2132332 0.1991744 0.1856953 0.1729318 0.1610539 0.1482272 0.1364353 0.1222812 0.1048125 0.08734374 0.06987499 0.05240624 0.0349375 0.01746875 0 0 0 0.01746875 0.01746875 0.01746875 0.02470454 0.01746875 0
0.1171839 0.1018594 0.08734374 0.07411362 0.06298447 0.05524103 0.05240624 0.05524103 0.06298447 0.07411362 0.08734374 0.1018594 0.1171839 0.133038 0.1492531 0.1657231 0.1823791 0.1991744 0.2160765 0.2330622 0.2501144 0.2672204 0.2843706 0.3015574 0.3187747 0.3360181 0.3532836 0.3705681 0.3815232 0.3647582 0.3480623 0.3314462 0.3149223 0.2985061 0.2822163 0.2660761 0.2501144 0.2343678 0.2188828 0.2037189 0.1889534 0.1746875 0.1610539 0.1482272 0.1364353 0.1235227 0.1118546 0.09881816 0.08734374 0.06987499 0.05240624 0.0349375 0.01746875 0 0 0 0 0 0 0.01746875 0 0
0.1259689 0.1118546 0.09881816 0.08734374 0.07812262 0.07202549 0.06987499 0.07202549 0.07812262 0.08734374 0.09881816 0.1118546 0.1259689 0.1408376 0.1562452 0.1720472 0.1881442 0.2044664 0.2209641 0.2376007 0.2543488 0.2711879 0.288102 0.3050786 0.3221078 0.3391817 0.3562939 0.3734392 0.3750699 0.3597035 0.3432064 0.3263431 0.309547 0.2928296 0.2762052 0.2596916 0.2433115 0.2270937 0.2110757 0.1953065 0.1798518 0.1647998 0.1502718 0.1364353 0.1235227 0.1118546 0.09881816 0.08734374 0.07411362 0.06298447 0.05240624 0.0349375 0.01746875 0 0 0.01746875 0.01746875 0 0 0 0 0.01746875
0.1364353 0.1235227 0.1118546 0.1018594 0.09407209 0.08907349 0.08734374 0.08907349 0.09407209 0.1018594 0.1118546 0.1235227 0.1364353 0.1502718 0.1647998 0.1798518 0.1953065 0.2110757 0.2270937 0.2433115 0.2596916 0.2762052 0.2928296 0.309547 0.3263431 0.3432064 0.3601274 0.3770984 0.3672594 0.3515518 0.3360181 0.3206836 0.3050786 0.288102 0.2711879 0.2543488 0.2376007 0.2209641 0.2044664 0.1881442 0.1720472 0.1562452 0.1408376 0.1259689 0.1118546 0.09881816 0.08734374 0.07411362 0.06298447 0.04940908 0.03906131 0.0349375 0.01746875 0 0 0.01746875 0.02470454 0.01746875 0.01746875 0.01746875 0.01746875 0.02470454
0.1259689 0.1118546 0.09881816 0.08734374 0.07812262 0.07202549 0.06987499 0.07202549 0.07812262 0.08734374 0.09881816 0.1118546 0.1259689 0.1408376 0.1562452 0.1720472 0.1881442 0.2044664 0.2209641 0.2376007 0.2543488 0.2711879 0.288102 0.3050786 0.3221078 0.3391817 0.3562939 0.3734392 0.3601274 0.3440944 0.328208 0.3124905 0.2969687 0.2816751 0.2660761 0.2501144 0.2330622 0.2160765 0.1991744 0.1823791 0.1657231 0.1492531 0.133038 0.1171839 0.1018594 0.08734374 0.07411362 0.06298447 0.04940908 0.03906131 0.02470454 0.01746875 0.01746875 0 0 0.01746875 0.0349375 0.0349375 0.0349375 0.0349375 0.0349375 0.03906131
0.1171839 0.1018594 0.08734374 0.07411362 0.06298447 0.05524103 0.05240624 0.05524103 0.06298447 0.07411362 0.08734374 0.1018594 0.1171839 0.133038 0.1492531 0.1657231 0.1823791 0.1991744 0.2160765 0.2330622 0.2501144 0.2672204 0.2843706 0.3015574 0.3187747 0.3360181 0.3532836 0.3685036 0.3537152 0.3373775 0.321159 0.3050786 0.2891592 0.2734292 0.257923 0.2426836 0.2270937 0.2110757 0.1953065 0.178147 0.1610539 0.144051 0.1271744 0.1104821 0.09407209 0.07812262 0.06298447 0.04940908 0.03906131 0.02470454 0.01746875 0 0 0.01746875 0.01746875 0.02470454 0.03906131 0.05240624 0.05240624 0.05240624 0.05240624 0.05524103
0.1104821 0.09407209 0.07812262 0.06298447 0.04940908 0.03906131 0.0349375 0.03906131 0.04940908 0.06298447 0.07812262 0.09407209 0.1104821 0.1271744 0.144051 0.1610539 0.178147 0.1953065 0.2125165 0.2297655 0.2470454 0.2643501 0.2816751 0.2990168 0.3163725 0.33374 0.3511175 0.3597035 0.3445376 0.3295997 0.3149223 0.2985061 0.2822163 0.2660761 0.2501144 0.2343678 0.2188828 0.2037189 0.1881442 0.1720472 0.1562452 0.1408376 0.1235227 0.1062582 0.08907349 0.07202549 0.05524103 0.03906131 0.02470454 0.01746875 0 0 0.01746875 0.02470454 0.0349375 0.03906131 0.04940908 0.06298447 0.06987499 0.06987499 0.06987499 0.07202549
