ascii_files/dist_urban.txt
ncols         303
nrows         392
xllcorner     182592.33643186
yllcorner     3271602.003708
cellsize      200
NODATA_value  -9999
[rows 243 to 269 of 392, columns 61 to 121 of 303]
0.1081377 0.1027664 0.09747404 0.09227419 0.08718342 0.08222202 0.07741484 0.07279244 0.06839231 0.06426011 0.06045083 0.0570292 0.05406887 0.05164922 0.04984903 0.04873702 0.04836066 0.04873702 0.04984903 0.05164922 0.05406887 0.0570292 0.06045083 0.06426011 0.06839231 0.07279244 0.07741484 0.08222202 0.08718342 0.09227419 0.09747404 0.1027664 0.1081377 0.1135768 0.1190743 0.1246226 0.1302151 0.1358463 0.1415118 0.1472074 0.1529298 0.1586762 0.164444 0.1702311 0.1760355 0.1818555 0.1876899 0.1935371 0.1993961 0.205266 0.2111457 0.2170345 0.2229317 0.2288365 0.2347486 0.2406672 0.246592 0.2525224 0.2584582 0.264399 0.2703443
0.1055728 0.1000639 0.09462052 0.08925458 0.08398098 0.07881824 0.07378963 0.06892455 0.06426011 0.05984327 0.05573291 0.05200177 0.04873702 0.04603798 0.04400887 0.04274519 0.04231558 0.04274519 0.04400887 0.04603798 0.04873702 0.05200177 0.05573291 0.05984327 0.06426011 0.06892455 0.07378963 0.07881824 0.08398098 0.08925458 0.09462052 0.1000639 0.1055728 0.1111375 0.1167499 0.1224036 0.128093 0.1338136 0.1395616 0.1453336 0.1511271 0.1569395 0.1627688 0.1686134 0.1744716 0.1803422 0.1862239 0.1921158 0.1980169 0.2039264 0.2098436 0.215768 0.2216988 0.2276357 0.2335781 0.2395257 0.245478 0.2514347 0.2573957 0.2633603 0.2693286
0.1032984 0.09766131 0.09207597 0.08655242 0.0811033 0.07574468 0.07049718 0.06538758 0.06045083 0.05573291 0.05129423 0.04721361 0.04359171 0.04055165 0.03823246 0.0367708 0.0362705 0.0367708 0.03823246 0.04055165 0.04359171 0.04721361 0.05129423 0.05573291 0.06045083 0.06538758 0.07049718 0.07574468 0.0811033 0.08655242 0.09207597 0.09766131 0.1032984 0.1089793 0.1146974 0.1204474 0.126225 0.1320266 0.1378491 0.14369 0.1495471 0.1554186 0.1613029 0.1671987 0.1731048 0.1790202 0.184944 0.1908754 0.1968136 0.2027583 0.2087086 0.2146643 0.2206248 0.2265899 0.232559 0.238532 0.2445085 0.2504883 0.2564712 0.2624569 0.2684453
0.1013341 0.09558115 0.08986662 0.08419827 0.07858608 0.07304302 0.06758609 0.06223794 0.0570292 0.05200177 0.04721361 0.04274519 0.03870742 0.03524859 0.03255377 0.030824 0.03022541 0.030824 0.03255377 0.03524859 0.03870742 0.04274519 0.04721361 0.05200177 0.0570292 0.06223794 0.06758609 0.07304302 0.07858608 0.08419827 0.08986662 0.09558115 0.1013341 0.1071192 0.1129315 0.118767 0.1246226 0.1304954 0.1363833 0.1422844 0.148197 0.15412 0.1600521 0.1659923 0.1719398 0.177894 0.183854 0.1898195 0.1957898 0.2017646 0.2077434 0.213726 0.2197119 0.2257011 0.2316931 0.2376879 0.2436851 0.2496846 0.2556863 0.26169 0.2676955
0.09969807 0.09384493 0.08801774 0.08222202 0.07646492 0.07075588 0.06510753 0.05953716 0.05406887 0.04873702 0.04359171 0.03870742 0.03419615 0.03022541 0.02703443 0.02492452 0.02418033 0.02492452 0.02703443 0.03022541 0.03419615 0.03870742 0.04359171 0.04873702 0.05406887 0.05953716 0.06510753 0.07075588 0.07646492 0.08222202 0.08801774 0.09384493 0.09969807 0.1055728 0.1114658 0.1173743 0.123296 0.1292291 0.1351722 0.1411239 0.1470832 0.1530493 0.1590213 0.1649987 0.1709808 0.1769672 0.1829574 0.1889512 0.1949481 0.2009479 0.2069503 0.2129552 0.2189622 0.2249713 0.2309823 0.236995 0.2430093 0.2490251 0.2550423 0.2610608 0.2670805
0.09840682 0.09247199 0.08655242 0.08065146 0.07477354 0.06892455 0.06311252 0.05734869 0.05164922 0.04603798 0.04055165 0.03524859 0.03022541 0.02564711 0.02179586 0.01911623 0.01813525 0.01911623 0.02179586 0.02564711 0.03022541 0.03524859 0.04055165 0.04603798 0.05164922 0.05734869 0.06311252 0.06892455 0.07477354 0.08065146 0.08655242 0.09247199 0.09840682 0.1043543 0.1103124 0.1162795 0.1222542 0.1282356 0.1342226 0.1402147 0.1462111 0.1522113 0.158215 0.1642217 0.1702311 0.1762429 0.182257 0.188273 0.1942909 0.2003104 0.2063314 0.2123537 0.2183773 0.2244021 0.2304279 0.2364547 0.2424824 0.248511 0.2545404 0.2605704 0.2666012
0.09747404 0.09147871 0.08549038 0.07951066 0.0735416 0.06758609 0.06164799 0.05573291 0.04984903 0.04400887 0.03823246 0.03255377 0.02703443 0.02179586 0.01709808 0.01351722 0.01209017 0.01351722 0.01709808 0.02179586 0.02703443 0.03255377 0.03823246 0.04400887 0.04984903 0.05573291 0.06164799 0.06758609 0.0735416 0.07951066 0.08549038 0.09147871 0.09747404 0.1034752 0.1094811 0.1154912 0.1215047 0.1275212 0.1335403 0.1395616 0.1455849 0.1516099 0.1576365 0.1636644 0.1696936 0.1757238 0.1817551 0.1877872 0.1938201 0.1998538 0.2058881 0.2119231 0.2179586 0.2239946 0.2300311 0.236068 0.2421054 0.2481431 0.2541812 0.2602196 0.2662583
0.09691006 0.09087753 0.08484679 0.07881824 0.07279244 0.06677013 0.06075233 0.05474056 0.04873702 0.04274519 0.0367708 0.030824 0.02492452 0.01911623 0.01351722 0.008549038 0.006045083 0.008549038 0.01351722 0.01911623 0.02492452 0.030824 0.0367708 0.04274519 0.04873702 0.05474056 0.06075233 0.06677013 0.07279244 0.07881824 0.08484679 0.09087753 0.09691006 0.1029441 0.1089793 0.1150156 0.1210527 0.1270906 0.1331291 0.1391683 0.1452079 0.1512479 0.1572884 0.1633292 0.1693702 0.1754116 0.1814532 0.1874951 0.1935371 0.1995793 0.2056217 0.2116642 0.2177069 0.2237497 0.2297927 0.2358357 0.2418789 0.2479221 0.2539655 0.2600089 0.2660523
0.09672133 0.09067625 0.08463117 0.07858608 0.072541 0.06649592 0.06045083 0.05440575 0.04836066 0.04231558 0.0362705 0.03022541 0.02418033 0.01813525 0.01209017 0.006045083 0 0.006045083 0.01209017 0.01813525 0.02418033 0.03022541 0.0362705 0.04231558 0.04836066 0.05440575 0.06045083 0.06649592 0.072541 0.07858608 0.08463117 0.09067625 0.09672133 0.1027664 0.1088115 0.1148566 0.1209017 0.1269467 0.1329918 0.1390369 0.145082 0.1511271 0.1571722 0.1632172 0.1692623 0.1753074 0.1813525 0.1873976 0.1934427 0.1994877 0.2055328 0.2115779 0.217623 0.2236681 0.2297132 0.2357582 0.2418033 0.2478484 0.2538935 0.2599386 0.2659837
0.09691006 0.09087753 0.08484679 0.07881824 0.07279244 0.06677013 0.06075233 0.05474056 0.04873702 0.04274519 0.0367708 0.030824 0.02492452 0.01911623 0.01351722 0.008549038 0.006045083 0.008549038 0.01351722 0.01911623 0.02492452 0.030824 0.0367708 0.04274519 0.04873702 0.05474056 0.06075233 0.06677013 0.07279244 0.07881824 0.08484679 0.09087753 0.09691006 0.1029441 0.1089793 0.1150156 0.1210527 0.1270906 0.1331291 0.1391683 0.1452079 0.1512479 0.1572884 0.1633292 0.1693702 0.1754116 0.1814532 0.1874951 0.1935371 0.1995793 0.2056217 0.2116642 0.2177069 0.2237497 0.2297927 0.2358357 0.2418789 0.2479221 0.2539655 0.2600089 0.2660523
0.09747404 0.09147871 0.08549038 0.07951066 0.0735416 0.06758609 0.06164799 0.05573291 0.04984903 0.04400887 0.03823246 0.03255377 0.02703443 0.02179586 0.01709808 0.01351722 0.01209017 0.01351722 0.01709808 0.02179586 0.02703443 0.03255377 0.03823246 0.04400887 0.04984903 0.05573291 0.06164799 0.06758609 0.0735416 0.07951066 0.08549038 0.09147871 0.09747404 0.1034752 0.1094811 0.1154912 0.1215047 0.1275212 0.1335403 0.1395616 0.1455849 0.1516099 0.1576365 0.1636644 0.1696936 0.1757238 0.1817551 0.1877872 0.1938201 0.1998538 0.2058881 0.2119231 0.2179586 0.2239946 0.2300311 0.236068 0.2421054 0.2481431 0.2541812 0.2602196 0.2662583
0.09840682 0.09247199 0.08655242 0.08065146 0.07477354 0.06892455 0.06311252 0.05734869 0.05164922 0.04603798 0.04055165 0.03524859 0.03022541 0.02564711 0.02179586 0.01911623 0.01813525 0.01911623 0.02179586 0.02564711 0.03022541 0.03524859 0.04055165 0.04603798 0.05164922 0.05734869 0.06311252 0.06892455 0.07477354 0.08065146 0.08655242 0.09247199 0.09840682 0.1043543 0.1103124 0.1162795 0.1222542 0.1282356 0.1342226 0.1402147 0.1462111 0.1522113 0.158215 0.1642217 0.1702311 0.1762429 0.182257 0.188273 0.1942909 0.2003104 0.2063314 0.2123537 0.2183773 0.2244021 0.2304279 0.2364547 0.2424824 0.248511 0.2545404 0.2605704 0.2666012
0.09969807 0.09384493 0.08801774 0.08222202 0.07646492 0.07075588 0.06510753 0.05953716 0.05406887 0.04873702 0.04359171 0.03870742 0.03419615 0.03022541 0.02703443 0.02492452 0.02418033 0.02492452 0.02703443 0.03022541 0.03419615 0.03870742 0.04359171 0.04873702 0.05406887 0.05953716 0.06510753 0.07075588 0.07646492 0.08222202 0.08801774 0.09384493 0.09969807 0.1055728 0.1114658 0.1173743 0.123296 0.1292291 0.1351722 0.1411239 0.1470832 0.1530493 0.1590213 0.1649987 0.1709808 0.1769672 0.1829574 0.1889512 0.1949481 0.2009479 0.2069503 0.2129552 0.2189622 0.2249713 0.2309823 0.236995 0.2430093 0.2490251 0.2550423 0.2610608 0.2670805
0.1013341 0.09558115 0.08986662 0.08419827 0.07858608 0.07304302 0.06758609 0.06223794 0.0570292 0.05200177 0.04721361 0.04274519 0.03870742 0.03524859 0.03255377 0.030824 0.03022541 0.030824 0.03255377 0.03524859 0.03870742 0.04274519 0.04721361 0.05200177 0.0570292 0.06223794 0.06758609 0.07304302 0.07858608 0.08419827 0.08986662 0.09558115 0.1013341 0.1071192 0.1129315 0.118767 0.1246226 0.1304954 0.1363833 0.1422844 0.148197 0.15412 0.1600521 0.1659923 0.1719398 0.177894 0.183854 0.1898195 0.1957898 0.2017646 0.2077434 0.213726 0.2197119 0.2257011 0.2316931 0.2376879 0.2436851 0.2496846 0.2556863 0.26169 0.2676955
0.1032984 0.09766131 0.09207597 0.08655242 0.0811033 0.07574468 0.07049718 0.06538758 0.06045083 0.05573291 0.05129423 0.04721361 0.04359171 0.04055165 0.03823246 0.0367708 0.0362705 0.0367708 0.03823246 0.04055165 0.04359171 0.04721361 0.05129423 0.05573291 0.06045083 0.06538758 0.07049718 0.07574468 0.0811033 0.08655242 0.09207597 0.09766131 0.1032984 0.1089793 0.1146974 0.1204474 0.126225 0.1320266 0.1378491 0.14369 0.1495471 0.1554186 0.1613029 0.1671987 0.1731048 0.1790202 0.184944 0.1908754 0.1968136 0.2027583 0.2087086 0.2146643 0.2206248 0.2265899 0.232559 0.238532 0.2445085 0.2504883 0.2564712 0.2624569 0.2684453
0.1055728 0.1000639 0.09462052 0.08925458 0.08398098 0.07881824 0.07378963 0.06892455 0.06426011 0.05984327 0.05573291 0.05200177 0.04873702 0.04603798 0.04400887 0.04274519 0.04231558 0.04274519 0.04400887 0.04603798 0.04873702 0.05200177 0.05573291 0.05984327 0.06426011 0.06892455 0.07378963 0.07881824 0.08398098 0.08925458 0.09462052 0.1000639 0.1055728 0.1111375 0.1167499 0.1224036 0.128093 0.1338136 0.1395616 0.1453336 0.1511271 0.1569395 0.1627688 0.1686134 0.1744716 0.1803422 0.1862239 0.1921158 0.1980169 0.2039264 0.2098436 0.215768 0.2216988 0.2276357 0.2335781 0.2395257 0.245478 0.2514347 0.2573957 0.2633603 0.2693286
0.1081377 0.1027664 0.09747404 0.09227419 0.08718342 0.08222202 0.07741484 0.07279244 0.06839231 0.06426011 0.06045083 0.0570292 0.05406887 0.05164922 0.04984903 0.04873702 0.04836066 0.04873702 0.04984903 0.05164922 0.05406887 0.0570292 0.06045083 0.06426011 0.06839231 0.07279244 0.07741484 0.08222202 0.08718342 0.09227419 0.09747404 0.1027664 0.1081377 0.1135768 0.1190743 0.1246226 0.1302151 0.1358463 0.1415118 0.1472074 0.1529298 0.1586762 0.164444 0.1702311 0.1760355 0.1818555 0.1876899 0.1935371 0.1993961 0.205266 0.2111457 0.2170345 0.2229317 0.2288365 0.2347486 0.2406672 0.246592 0.2525224 0.2584582 0.264399 0.2703443
0.110973 0.1057458 0.1006102 0.09558115 0.09067625 0.08591678 0.08132827 0.07694135 0.07279244 0.06892455 0.06538758 0.06223794 0.05953716 0.05734869 0.05573291 0.05474056 0.05440575 0.05474056 0.05573291 0.05734869 0.05953716 0.06223794 0.06538758 0.06892455 0.07279244 0.07694135 0.08132827 0.08591678 0.09067625 0.09558115 0.1006102 0.1057458 0.110973 0.1162795 0.121655 0.1270906 0.132579 0.1381139 0.14369 0.1493026 0.1549476 0.1606219 0.1663222 0.1720461 0.1777912 0.1835556 0.1893376 0.1951354 0.2009479 0.2067737 0.2126117 0.218461 0.2243207 0.2301899 0.236068 0.2419544 0.2478484 0.2537495 0.2596573 0.2655712 0.2714909
0.1140584 0.1089793 0.1040035 0.09914673 0.09442721 0.08986662 0.08549038 0.08132827 0.07741484 0.07378963 0.07049718 0.06758609 0.06510753 0.06311252 0.06164799 0.06075233 0.06045083 0.06075233 0.06164799 0.06311252 0.06510753 0.06758609 0.07049718 0.07378963 0.07741484 0.08132827 0.08549038 0.08986662 0.09442721 0.09914673 0.1040035 0.1089793 0.1140584 0.1192277 0.1244759 0.1297934 0.1351722 0.140605 0.146086 0.1516099 0.1571722 0.1627688 0.1683965 0.1740522 0.1797332 0.1854373 0.1911623 0.1969065 0.2026681 0.2084458 0.2142383 0.2200444 0.225863 0.2316931 0.2375341 0.243385 0.2492452 0.255114 0.2609908 0.2668752 0.2727666
0.1173743 0.112445 0.1076296 0.1029441 0.09840682 0.09403942 0.08986662 0.08591678 0.08222202 0.07881824 0.07574468 0.07304302 0.07075588 0.06892455 0.06758609 0.06677013 0.06649592 0.06677013 0.06758609 0.06892455 0.07075588 0.07304302 0.07574468 0.07881824 0.08222202 0.08591678 0.08986662 0.09403942 0.09840682 0.1029441 0.1076296 0.112445 0.1173743 0.1224036 0.1275212 0.1327168 0.1379816 0.143308 0.1486894 0.15412 0.1595948 0.1651094 0.1706599 0.1762429 0.1818555 0.1874951 0.1931591 0.1988456 0.2045526 0.2102785 0.2160219 0.2217812 0.2275554 0.2333433 0.239144 0.2449564 0.2507799 0.2566136 0.2624569 0.2683091 0.2741697
0.1209017 0.1161223 0.1114658 0.1069484 0.1025885 0.09840682 0.09442721 0.09067625 0.08718342 0.08398098 0.0811033 0.07858608 0.07646492 0.07477354 0.0735416 0.07279244 0.072541 0.07279244 0.0735416 0.07477354 0.07646492 0.07858608 0.0811033 0.08398098 0.08718342 0.09067625 0.09442721 0.09840682 0.1025885 0.1069484 0.1114658 0.1161223 0.1209017 0.12579 0.1307752 0.1358463 0.1409944 0.1462111 0.1514894 0.156823 0.1622066 0.1676353 0.1731048 0.1786115 0.1841519 0.1897232 0.1953226 0.2009479 0.2065969 0.2122677 0.2179586 0.2236681 0.2293948 0.2351374 0.2408949 0.2466661 0.2524501 0.2582461 0.2640532 0.2698708 0.2756982
0.1246226 0.1199915 0.1154912 0.1111375 0.1069484 0.1029441 0.09914673 0.09558115 0.09227419 0.08925458 0.08655242 0.08419827 0.08222202 0.08065146 0.07951066 0.07881824 0.07858608 0.07881824 0.07951066 0.08065146 0.08222202 0.08419827 0.08655242 0.08925458 0.09227419 0.09558115 0.09914673 0.1029441 0.1069484 0.1111375 0.1154912 0.1199915 0.1246226 0.1293704 0.1342226 0.1391683 0.1441977 0.1493026 0.1544752 0.1597092 0.1649987 0.1703384 0.1757238 0.1811509 0.1866159 0.1921158 0.1976474 0.2032083 0.2087961 0.2144088 0.2200444 0.2257011 0.2313775 0.2370721 0.2427837 0.248511 0.2542531 0.2600089 0.2657775 0.2715581 0.2773501
0.1285202 0.1240347 0.1196865 0.1154912 0.1114658 0.1076296 0.1040035 0.1006102 0.09747404 0.09462052 0.09207597 0.08986662 0.08801774 0.08655242 0.08549038 0.08484679 0.08463117 0.08484679 0.08549038 0.08655242 0.08801774 0.08986662 0.09207597 0.09462052 0.09747404 0.1006102 0.1040035 0.1076296 0.1114658 0.1154912 0.1196865 0.1240347 0.1285202 0.1331291 0.1378491 0.1426691 0.1475793 0.152571 0.1576365 0.1627688 0.167962 0.1732104 0.1785092 0.183854 0.189241 0.1946667 0.2001279 0.2056217 0.2111457 0.2166975 0.222275 0.2278764 0.2334999 0.239144 0.2448072 0.2504883 0.256186 0.2618994 0.2676272 0.2733688 0.2791232
0.132579 0.1282356 0.1240347 0.1199915 0.1161223 0.112445 0.1089793 0.1057458 0.1027664 0.1000639 0.09766131 0.09558115 0.09384493 0.09247199 0.09147871 0.09087753 0.09067625 0.09087753 0.09147871 0.09247199 0.09384493 0.09558115 0.09766131 0.1000639 0.1027664 0.1057458 0.1089793 0.112445 0.1161223 0.1199915 0.1240347 0.1282356 0.132579 0.1370515 0.1416408 0.146336 0.1511271 0.1560053 0.1609627 0.1659923 0.1710876 0.1762429 0.1814532 0.1867138 0.1920206 0.1973699 0.2027583 0.2081827 0.2136405 0.2191291 0.2246462 0.2301899 0.2357582 0.2413495 0.2469622 0.2525948 0.2582461 0.2639148 0.2695999 0.2753003 0.2810151
0.1367846 0.132579 0.1285202 0.1246226 0.1209017 0.1173743 0.1140584 0.110973 0.1081377 0.1055728 0.1032984 0.1013341 0.09969807 0.09840682 0.09747404 0.09691006 0.09672133 0.09691006 0.09747404 0.09840682 0.09969807 0.1013341 0.1032984 0.1055728 0.1081377 0.110973 0.1140584 0.1173743 0.1209017 0.1246226 0.1285202 0.132579 0.1367846 0.1411239 0.1455849 0.1501568 0.1548297 0.1595948 0.164444 0.1693702 0.1743668 0.179428 0.1845484 0.1897232 0.1949481 0.2002192 0.2055328 0.2108859 0.2162755 0.2216988 0.2271536 0.2326375 0.2381487 0.2436851 0.2492452 0.2548273 0.2604301 0.2660523 0.2716927 0.2773501 0.2830235
0.1411239 0.1370515 0.1331291 0.1293704 0.12579 0.1224036 0.1192277 0.1162795 0.1135768 0.1111375 0.1089793 0.1071192 0.1055728 0.1043543 0.1034752 0.1029441 0.1027664 0.1029441 0.1034752 0.1043543 0.1055728 0.1071192 0.1089793 0.1111375 0.1135768 0.1162795 0.1192277 0.1224036 0.12579 0.1293704 0.1331291 0.1370515 0.1411239 0.1453336 0.1496692 0.15412 0.1586762 0.1633292 0.1680707 0.1728936 0.1777912 0.1827576 0.1877872 0.1928751 0.1980169 0.2032083 0.2084458 0.213726 0.2190457 0.2244021 0.2297927 0.2352151 0.2406672 0.246147 0.2516527 0.2571826 0.2627352 0.2683091 0.273903 0.2795156 0.285146
0.1455849 0.1416408 0.1378491 0.1342226 0.1307752 0.1275212 0.1244759 0.121655 0.1190743 0.1167499 0.1146974 0.1129315 0.1114658 0.1103124 0.1094811 0.1089793 0.1088115 0.1089793 0.1094811 0.1103124 0.1114658 0.1129315 0.1146974 0.1167499 0.1190743 0.121655 0.1244759 0.1275212 0.1307752 0.1342226 0.1378491 0.1416408 0.1455849 0.1496692 0.1538827 0.158215 0.1626565 0.1671987 0.1718336 0.1765537 0.1813525 0.1862239 0.1911623 0.1961627 0.2012205 0.2063314 0.2114915 0.2166975 0.2219459 0.227234 0.232559 0.2379184 0.2433099 0.2487315 0.2541812 0.2596573 0.265158 0.2706821 0.2762279 0.2817943 0.28738
