ascii_files/dist_urban.txt
ncols         303
nrows         392
xllcorner     182592.33643186
yllcorner     3271602.003708
cellsize      200
NODATA_value  -9999
[rows 81 to 107 of 392, columns 61 to 121 of 303]
-9999 -9999 0.5267206 0.5277258 0.5287979 0.529937 0.5311424 0.5324136 0.5337504 0.5351521 0.5366182 0.5381482 0.5397416 0.5413979 0.5431163 0.5448964 0.5467376 0.5486392 0.5506006 0.5526212 0.5547002 0.5568371 0.5590312 0.561282 0.5635886 0.5659503 0.5683664 0.5708364 0.5733595 0.5759349 0.5785621 0.5812404 0.5839688 0.5867469 0.5895739 0.5924489 0.5953716 0.598341 0.6013567 0.6044177 0.6075234 0.6106731 0.6099246 0.6061081 0.6023281 0.5985853 0.5948804 0.5912141 0.587587 0.5840001 0.5804539 0.5769492 0.5734869 0.5700677 0.5666923 0.5633616 0.5600762 0.5568371 0.5536451 0.550501 0.5474055
-9999 0.5198069 0.5207551 0.5217716 0.522856 0.5240079 0.525227 0.5265125 0.5278642 0.5292814 0.5307637 0.5323107 0.5339215 0.5355957 0.5373328 0.5391319 0.5409927 0.5429144 0.5448964 0.5469381 0.5490386 0.5511976 0.5534141 0.5556875 0.5580172 0.5604023 0.5628424 0.5653365 0.567884 0.5704842 0.5731364 0.5758398 0.5785938 0.5813975 0.5842503 0.5871515 0.5901005 0.5930963 0.5961384 0.5992261 0.6023585 0.6055351 0.6052635 0.6014174 0.5976077 0.5938352 0.5901005 0.5864042 0.5827473 0.5791304 0.5755541 0.5720195 0.5685272 0.5650778 0.5616724 0.5583118 0.5549966 0.5517277 0.548506 0.5453321 0.5422072
-9999 0.513832 0.5147913 0.5158195 0.5169165 0.5180816 0.5193145 0.5206147 0.5219817 0.5234149 0.5249137 0.5264778 0.5281065 0.5297991 0.5315549 0.5333737 0.5352545 0.5371968 0.5391998 0.5412629 0.5433854 0.5455667 0.547806 0.5501026 0.5524558 0.5548649 0.5573292 0.5598478 0.5624202 0.5650455 0.5677231 0.5704522 0.573232 0.5760618 0.578941 0.5818687 0.5848442 0.5878668 0.5909359 0.5940506 0.5972102 0.600414 0.600627 0.5967511 0.5929114 0.5891087 0.5853438 0.5816174 0.5779302 0.5742829 0.5706763 0.5671113 0.5635886 0.5601088 0.556673 0.553282 0.5499365 0.5466373 0.5433854 0.5401816 0.5370266
0.5069587 0.5078589 0.5088294 0.5098698 0.5109794 0.512158 0.5134052 0.5147203 0.5161029 0.5175524 0.5190681 0.5206498 0.5222966 0.5240079 0.5257832 0.5276219 0.5295231 0.5314863 0.5335107 0.5355957 0.5377406 0.5399447 0.5422072 0.5445275 0.5469046 0.549338 0.551827 0.5543708 0.5569684 0.5596194 0.5623227 0.5650778 0.567884 0.5707404 0.5736462 0.5766008 0.5796034 0.5826532 0.5857495 0.5888916 0.5920788 0.5953103 0.5960158 0.5921097 0.5882397 0.5844067 0.5806113 0.5768542 0.5731364 0.5694584 0.5658211 0.5622252 0.5586717 0.5551612 0.5516946 0.5482727 0.5448964 0.5415666 0.538284 0.5350496 0.5318642
0.5009766 0.5018876 0.5028695 0.5039222 0.5050449 0.5062373 0.507499 0.5088294 0.5102279 0.511694 0.5132272 0.5148268 0.5164922 0.5182227 0.5200177 0.5218766 0.5237987 0.5257832 0.5278296 0.529937 0.5321047 0.534332 0.5366182 0.5389625 0.5413641 0.5438223 0.5463364 0.5489055 0.5515289 0.5542059 0.5569356 0.5597172 0.5625501 0.5654334 0.5683664 0.5713483 0.5743784 0.5774557 0.5805798 0.5837497 0.5869648 0.5902243 0.5914304 0.5874938 0.5835932 0.5797294 0.5759032 0.5721152 0.5683664 0.5646573 0.5609889 0.5573619 0.5537772 0.5502354 0.5467376 0.5432845 0.5398771 0.536516 0.5332024 0.529937 0.5267206
0.494996 0.495918 0.4969117 0.4979769 0.4991131 0.5003197 0.5015962 0.5029421 0.504357 0.5058402 0.507391 0.5090089 0.5106933 0.5124434 0.5142586 0.5161383 0.5180816 0.520088 0.5221566 0.5242868 0.5264778 0.5287288 0.5310391 0.5334079 0.5358344 0.538318 0.5408576 0.5434526 0.5461023 0.5488057 0.5515621 0.5543708 0.5572308 0.5601415 0.563102 0.5661117 0.5691696 0.572275 0.5754271 0.5786253 0.5818687 0.5851566 0.5868714 0.582904 0.5789726 0.5750777 0.5712204 0.5674012 0.5636209 0.5598804 0.5561805 0.5525219 0.5489055 0.5453321 0.5418026 0.538318 0.5348788 0.5314863 0.528141 0.5248441 0.5215965
0.489017 0.4899502 0.490956 0.4920341 0.4931839 0.494405 0.4956968 0.4970588 0.4984903 0.4999909 0.5015598 0.5031964 0.5049002 0.5066703 0.5085061 0.510407 0.512372 0.5144007 0.5164922 0.5186456 0.5208603 0.5231355 0.5254704 0.5278642 0.5303161 0.5328253 0.535391 0.5380124 0.5406887 0.5434191 0.5462026 0.5490386 0.5519264 0.5548649 0.5578534 0.5608912 0.5639775 0.5671113 0.570292 0.5735188 0.5767909 0.5801076 0.5823395 0.578341 0.5743784 0.5704522 0.5665633 0.5627126 0.5589005 0.5551283 0.5513964 0.5477059 0.5440574 0.5404521 0.5368905 0.5333737 0.5299025 0.5264778 0.5231006 0.5197717 0.5164922
0.4830396 0.4839843 0.4850026 0.4860938 0.4872577 0.4884936 0.489801 0.4911793 0.4926279 0.4941463 0.4957336 0.4973895 0.4991131 0.5009036 0.5027605 0.504683 0.5066703 0.5087217 0.5108363 0.5130135 0.5152525 0.5175524 0.5199123 0.5223315 0.5248093 0.5273447 0.529937 0.5325852 0.5352886 0.5380463 0.5408576 0.5437215 0.5466373 0.5496041 0.5526212 0.5556875 0.5588025 0.5619652 0.5651748 0.5684307 0.5717319 0.5750777 0.5778353 0.5738055 0.5698112 0.5658534 0.5619327 0.5580499 0.5542059 0.5504014 0.5466373 0.5429144 0.5392336 0.5355957 0.5320017 0.5284523 0.5249485 0.5214914 0.5180816 0.5147203 0.5114083
0.477064 0.4780205 0.4790514 0.4801562 0.4813344 0.4825855 0.4839088 0.4853038 0.4867699 0.4883065 0.4899129 0.4915883 0.4933321 0.4951436 0.497022 0.4989666 0.5009766 0.5030512 0.5051896 0.507391 0.5096546 0.5119796 0.5143652 0.5168104 0.5193145 0.5218766 0.5244959 0.5271714 0.5299025 0.5326881 0.5355275 0.5384198 0.5413641 0.5443597 0.5474055 0.550501 0.5536451 0.5568371 0.5600762 0.5633616 0.5666923 0.5700677 0.5733595 0.5692979 0.5652719 0.561282 0.5573292 0.5534141 0.5495376 0.5457007 0.5419039 0.5381482 0.5344346 0.5307637 0.5271368 0.5235544 0.5200177 0.5165275 0.5130848 0.5096905 0.5063456
0.47109 0.4720587 0.4731026 0.4742213 0.4754142 0.4766808 0.4780205 0.4794326 0.4809167 0.4824719 0.4840976 0.4857931 0.4875576 0.4893905 0.4912909 0.493258 0.4952912 0.4973895 0.4995522 0.5017783 0.5040672 0.5064178 0.5088294 0.5113011 0.513832 0.5164214 0.5190681 0.5217716 0.5245307 0.5273447 0.5302127 0.5331338 0.5361072 0.5391319 0.5422072 0.5453321 0.548506 0.5517277 0.5549966 0.5583118 0.5616724 0.5650778 0.5685272 0.5648192 0.5607609 0.5567387 0.5527533 0.5488057 0.5448964 0.5410265 0.5371968 0.5334079 0.529661 0.5259569 0.5222966 0.5186808 0.5151106 0.511587 0.5081108 0.504683 0.5013047
0.465118 0.4660991 0.4671563 0.4682891 0.4694971 0.4707796 0.4721361 0.4735658 0.4750682 0.4766424 0.478288 0.480004 0.4817897 0.4836444 0.4855673 0.4875576 0.4896144 0.4917369 0.4939243 0.4961758 0.4984903 0.5008671 0.5033054 0.5058041 0.5083624 0.5109794 0.5136542 0.516386 0.5191737 0.5220166 0.5249137 0.5278642 0.5308671 0.5339215 0.5370266 0.5401816 0.5433854 0.5466373 0.5499365 0.553282 0.556673 0.5601088 0.5635886 0.5603698 0.5562791 0.5522242 0.5482061 0.5442254 0.540283 0.5363798 0.5325166 0.5286943 0.5249137 0.5211759 0.5174817 0.513832 0.5102279 0.5066703 0.5031601 0.4996985 0.4962862
0.4591479 0.4601416 0.4612125 0.46236 0.4635834 0.4648822 0.4662558 0.4677035 0.4692246 0.4708185 0.4724843 0.4742213 0.4760287 0.4779058 0.4798517 0.4818656 0.4839466 0.4860938 0.4883065 0.4905837 0.4929245 0.4953281 0.4977934 0.5003197 0.5029059 0.5055511 0.5082545 0.5110151 0.513832 0.5167044 0.5196311 0.5226113 0.5256442 0.5287288 0.5318642 0.5350496 0.538284 0.5415666 0.5448964 0.5482727 0.5516946 0.5551612 0.5586717 0.5559505 0.551827 0.5477393 0.5436879 0.5396739 0.5356981 0.5317612 0.5278642 0.5240079 0.5201934 0.5164214 0.5126929 0.5090089 0.5053704 0.5017783 0.4982337 0.4947375 0.4912909
0.4531797 0.4541865 0.4552714 0.4564338 0.4576731 0.4589887 0.4603798 0.461846 0.4633863 0.4650001 0.4666867 0.4684452 0.4702748 0.4721748 0.4741442 0.4761822 0.478288 0.4804605 0.482699 0.4850026 0.4873702 0.489801 0.492294 0.4948483 0.497463 0.500137 0.5028695 0.5056596 0.5085061 0.5114083 0.5143652 0.5173758 0.5204391 0.5235544 0.5267206 0.529937 0.5332024 0.536516 0.5398771 0.5432845 0.5467376 0.5502354 0.5537772 0.5515621 0.5474055 0.5432845 0.5391998 0.5351521 0.5311424 0.5271714 0.5232403 0.5193497 0.5155007 0.511694 0.5079309 0.5042121 0.5005388 0.4969117 0.4933321 0.489801 0.4863193
0.4472136 0.4482339 0.4493331 0.4505108 0.4517663 0.4530991 0.4545083 0.4559933 0.4575533 0.4591876 0.4608955 0.462676 0.4645284 0.4664517 0.4684452 0.4705079 0.4726389 0.4748373 0.4771022 0.4794326 0.4818276 0.4842862 0.4868075 0.4893905 0.4920341 0.4947375 0.4974997 0.5003197 0.5031964 0.5061291 0.5091166 0.512158 0.5152525 0.5183989 0.5215965 0.5248441 0.528141 0.5314863 0.5348788 0.538318 0.5418026 0.5453321 0.5489055 0.5472052 0.5430154 0.5388608 0.5347422 0.5306605 0.5266166 0.5226113 0.5186456 0.5147203 0.5108363 0.5069948 0.5031964 0.4994424 0.4957336 0.4920712 0.4884562 0.4848895 0.4813724
0.4412496 0.4422837 0.4433977 0.4445911 0.4458633 0.4472136 0.4486413 0.4501456 0.4517259 0.4533812 0.4551109 0.4569139 0.4587896 0.4607369 0.4627549 0.4648429 0.4669998 0.4692246 0.4715165 0.4738744 0.4762973 0.4787843 0.4813344 0.4839466 0.4866198 0.4893531 0.4921455 0.494996 0.4979035 0.5008671 0.5038859 0.5069587 0.5100846 0.5132628 0.5164922 0.5197717 0.5231006 0.5264778 0.5299025 0.5333737 0.5368905 0.5404521 0.5440574 0.5428808 0.5386572 0.5344688 0.5303161 0.5262001 0.5221216 0.5180816 0.5140809 0.5101205 0.5062013 0.5023242 0.4984903 0.4947006 0.490956 0.4872577 0.4836066 0.480004 0.4764507
0.435288 0.4363361 0.4374653 0.4386748 0.4399641 0.4413325 0.4427791 0.4443034 0.4459043 0.4475811 0.4493331 0.4511593 0.4530587 0.4550306 0.4570738 0.4591876 0.461371 0.4636228 0.4659422 0.4683282 0.4707796 0.4732957 0.4758752 0.4785171 0.4812205 0.4839843 0.4868075 0.4896891 0.4926279 0.4956231 0.4986736 0.5017783 0.5049363 0.5081466 0.5114083 0.5147203 0.5180816 0.5214914 0.5249485 0.5284523 0.5320017 0.5355957 0.5392336 0.5385895 0.534332 0.5301093 0.5259222 0.5217716 0.5176582 0.5135831 0.5095471 0.5055511 0.5015962 0.4976833 0.4938134 0.4899875 0.4862066 0.4824719 0.4787843 0.4751451 0.4715552
0.4293286 0.4303912 0.431536 0.4327621 0.4340689 0.4354558 0.436922 0.4384665 0.4400887 0.4417876 0.4435625 0.4454123 0.4473361 0.4493331 0.4514022 0.4535424 0.4557528 0.4580322 0.4603798 0.4627945 0.4652751 0.4678207 0.4704303 0.4731026 0.4758367 0.4786316 0.4814862 0.4843994 0.4873702 0.4903975 0.4934802 0.4966174 0.4998081 0.5030512 0.5063456 0.5096905 0.5130848 0.5165275 0.5200177 0.5235544 0.5271368 0.5307637 0.5344346 0.534332 0.5300404 0.5257832 0.5215614 0.5173758 0.5132272 0.5091166 0.5050449 0.501013 0.497022 0.4930728 0.4891664 0.4853038 0.4814862 0.4777146 0.4739901 0.4703137 0.4666867
0.4233716 0.4244492 0.4256099 0.4268531 0.428178 0.4295838 0.4310699 0.4326354 0.4342794 0.436001 0.4377993 0.4396733 0.4416222 0.4436448 0.4457403 0.4479076 0.4501456 0.4524533 0.4548298 0.4572737 0.4597841 0.46236 0.4650001 0.4677035 0.4704691 0.4732957 0.4761822 0.4791277 0.4821309 0.4851909 0.4883065 0.4914768 0.4947006 0.4979769 0.5013047 0.504683 0.5081108 0.511587 0.5151106 0.5186808 0.5222966 0.5259569 0.529661 0.5301093 0.5257832 0.5214914 0.5172344 0.5130135 0.5088294 0.504683 0.5005752 0.4965071 0.4924795 0.4884936 0.4845503 0.4806507 0.4767958 0.4729867 0.4692246 0.4655107 0.461846
0.4174173 0.4185101 0.4196873 0.4209479 0.4222913 0.4237168 0.4252234 0.4268103 0.4284766 0.4302214 0.4320438 0.4339427 0.4359171 0.4379662 0.4400887 0.4422837 0.44455 0.4468866 0.4492925 0.4517663 0.4543072 0.4569139 0.4595854 0.4623204 0.465118 0.4679769 0.4708961 0.4738744 0.4769107 0.480004 0.483153 0.4863569 0.4896144 0.4929245 0.4962862 0.4996985 0.5031601 0.5066703 0.5102279 0.513832 0.5174817 0.5211759 0.5249137 0.5259222 0.5215614 0.5172344 0.5129423 0.5086858 0.5044657 0.5002831 0.4961389 0.4920341 0.4879696 0.4839466 0.4799659 0.4760287 0.4721361 0.4682891 0.464489 0.4607369 0.4570339
0.4114655 0.4125742 0.4137682 0.4150468 0.4164093 0.4178548 0.4193824 0.4209913 0.4226806 0.4244492 0.4262962 0.4282206 0.4302214 0.4322974 0.4344476 0.436671 0.4389663 0.4413325 0.4437684 0.4462729 0.4488449 0.4514831 0.4541865 0.4569539 0.4597841 0.462676 0.4656284 0.4686402 0.4717102 0.4748373 0.4780205 0.4812585 0.4845503 0.4878948 0.4912909 0.4947375 0.4982337 0.5017783 0.5053704 0.5090089 0.5126929 0.5164214 0.5201934 0.5217716 0.5173758 0.5130135 0.5086858 0.5043933 0.500137 0.495918 0.4917369 0.4875951 0.4834933 0.4794326 0.4754142 0.471439 0.4675081 0.4636228 0.4597841 0.4559933 0.4522514
0.4055165 0.4066414 0.4078528 0.4091499 0.4105319 0.411998 0.4135473 0.4151789 0.4168916 0.4186847 0.4205571 0.4225076 0.4245353 0.426639 0.4288176 0.4310699 0.4333949 0.4357914 0.4382581 0.4407939 0.4433977 0.4460682 0.4488042 0.4516045 0.454468 0.4573936 0.4603798 0.4634257 0.4665301 0.4696917 0.4729095 0.4761822 0.4795089 0.4828883 0.4863193 0.489801 0.4933321 0.4969117 0.5005388 0.5042121 0.5079309 0.511694 0.5155007 0.5176582 0.5132272 0.5088294 0.5044657 0.500137 0.4958442 0.4915883 0.4873702 0.4831909 0.4790514 0.4749528 0.4708961 0.4668824 0.4629129 0.4589887 0.4551109 0.4512807 0.4474995
0.3995704 0.400712 0.4019412 0.4032574 0.4046595 0.4061468 0.4077184 0.4093731 0.4111101 0.4129283 0.4148266 0.416804 0.4188592 0.4209913 0.423199 0.4254811 0.4278364 0.4302638 0.4327621 0.4353299 0.4379662 0.4406695 0.4434389 0.4462729 0.4491704 0.4521302 0.455151 0.4582317 0.461371 0.4645677 0.4678207 0.4711288 0.4744909 0.4779058 0.4813724 0.4848895 0.4884562 0.4920712 0.4957336 0.4994424 0.5031964 0.5069948 0.5108363 0.5135831 0.5091166 0.504683 0.5002831 0.495918 0.4915883 0.4872952 0.4830396 0.4788225 0.4746449 0.4705079 0.4664125 0.46236 0.4583513 0.4543876 0.4504702 0.4466003 0.4427791
0.3936273 0.3947861 0.3960337 0.3973694 0.3987923 0.4003014 0.4018958 0.4035744 0.4053362 0.4071802 0.4091052 0.4111101 0.4131937 0.4153548 0.4175923 0.4199049 0.4222913 0.4247504 0.4272809 0.4298815 0.4325509 0.435288 0.4380913 0.4409597 0.4438919 0.4468866 0.4499426 0.4530587 0.4562336 0.4594661 0.4627549 0.4660991 0.4694971 0.4729481 0.4764507 0.480004 0.4836066 0.4872577 0.490956 0.4947006 0.4984903 0.5023242 0.5062013 0.5095471 0.5050449 0.5005752 0.4961389 0.4917369 0.4873702 0.4830396 0.4787462 0.4744909 0.4702748 0.4660991 0.4619646 0.4578727 0.4538243 0.4498208 0.4458633 0.4419531 0.4380913
0.3876874 0.3888638 0.3901304 0.3914862 0.3929304 0.394462 0.3960798 0.397783 0.3995704 0.4014409 0.4033932 0.4054264 0.4075391 0.40973 0.411998 0.4143418 0.4167602 0.4192517 0.4218151 0.4244492 0.4271526 0.429924 0.4327621 0.4356656 0.4386331 0.4416636 0.4447554 0.4479076 0.4511187 0.4543876 0.457713 0.4610937 0.4645284 0.4680159 0.4715552 0.4751451 0.4787843 0.4824719 0.4862066 0.4899875 0.4938134 0.4976833 0.5015962 0.5055511 0.501013 0.4965071 0.4920341 0.4875951 0.4831909 0.4788225 0.4744909 0.4701971 0.4659422 0.4617272 0.4575533 0.4534215 0.4493331 0.4452892 0.4412911 0.4373399 0.4334371
0.3817507 0.3829454 0.3842315 0.3856081 0.3870742 0.3886288 0.3902709 0.3919993 0.3938129 0.3957106 0.3976911 0.3997533 0.4018958 0.4041173 0.4064167 0.4087925 0.4112434 0.4137682 0.4163654 0.4190337 0.4217718 0.4245783 0.4274519 0.4303912 0.4333949 0.4364617 0.4395902 0.4427791 0.4460272 0.4493331 0.4526956 0.4561135 0.4595854 0.4631102 0.4666867 0.4703137 0.4739901 0.4777146 0.4814862 0.4853038 0.4891664 0.4930728 0.497022 0.501013 0.497022 0.4924795 0.4879696 0.4834933 0.4790514 0.4746449 0.4702748 0.4659422 0.4616481 0.4573936 0.4531797 0.4490077 0.4448787 0.4407939 0.4367546 0.4327621 0.4288176
0.3758175 0.377031 0.3783372 0.3797352 0.3812239 0.3828022 0.3844692 0.3862236 0.3880642 0.3899899 0.3919993 0.3940912 0.3962643 0.3985173 0.4008487 0.4032574 0.4057418 0.4083005 0.4109323 0.4136357 0.4164093 0.4192517 0.4221615 0.4251374 0.428178 0.4312819 0.4344476 0.437674 0.4409597 0.4443034 0.4477036 0.4511593 0.454669 0.4582317 0.461846 0.4655107 0.4692246 0.4729867 0.4767958 0.4806507 0.4845503 0.4884936 0.4924795 0.4965071 0.4930728 0.4884936 0.4839466 0.4794326 0.4749528 0.4705079 0.4660991 0.4617272 0.4573936 0.4530991 0.4488449 0.4446322 0.4404622 0.4363361 0.4322551 0.4282206 0.4242339
0.369888 0.3711208 0.3724478 0.3738677 0.3753797 0.3769825 0.3786751 0.3804562 0.3823246 0.384279 0.3863182 0.3884407 0.3906452 0.3929304 0.3952948 0.3977371 0.4002557 0.4028494 0.4055165 0.4082558 0.4110656 0.4139448 0.4168916 0.4199049 0.4229831 0.4261248 0.4293286 0.4325932 0.4359171 0.4392992 0.4427379 0.446232 0.4497802 0.4533812 0.4570339 0.4607369 0.464489 0.4682891 0.4721361 0.4760287 0.4799659 0.4839466 0.4879696 0.4920341 0.4891664 0.4845503 0.4799659 0.4754142 0.4708961 0.4664125 0.4619646 0.4575533 0.4531797 0.4488449 0.44455 0.4402962 0.4360848 0.4319169 0.4277937 0.4237168 0.4196873
