ascii_files/dist_road.txt
ncols         303
nrows         392
xllcorner     182592.33643186
yllcorner     3271602.003708
cellsize      200
NODATA_value  -9999
[rows 140 to 167 of 392, columns 124 to 185 of 303]
0.3589435 0.3397953 0.3210489 0.3027787 0.2850765 0.2680547 0.2518514 0.2366348 0.2192428 0.199106 0.1794718 0.1605244 0.1425382 0.1259257 0.1113037 0.09444429 0.08026221 0.07039461 0.06296286 0.04977651 0.04452146 0.03148143 0.02226073 0 0 0.02226073 0.04452146 0.0667822 0.08904292 0.1113037 0.1298013 0.1407892 0.1198777 0.09955302 0.08026221 0.06296286 0.04977651 0.03148143 0.02226073 0 0.02226073 0.03148143 0.04977651 0.07039461 0.08026221 0.09444429 0.1113037 0.1259257 0.1407892 0.1493295 0.1605244 0.1738619 0.1888886 0.2052338 0.22037 0.2366348 0.2518514 0.2680547 0.2833329 0.2986591 0.309256 0.3210489
0.3477238 0.3286758 0.309256 0.2902444 0.2717268 0.2538114 0.2366348 0.22037 0.2052338 0.1888886 0.1695327 0.1493295 0.1298013 0.1113037 0.09444429 0.08026221 0.06296286 0.04977651 0.04452146 0.03148143 0.02226073 0.02226073 0 0 0.02226073 0.03148143 0.04977651 0.07039461 0.09178335 0.1135079 0.1354067 0.1493295 0.1298013 0.1113037 0.09444429 0.08026221 0.06296286 0.04452146 0.02226073 0 0 0.02226073 0.04452146 0.04977651 0.06296286 0.08026221 0.09444429 0.1113037 0.1198777 0.1298013 0.1425382 0.1574071 0.1738619 0.1888886 0.2052338 0.22037 0.2366348 0.2518514 0.2680547 0.2789262 0.2902444 0.3027787
0.333911 0.3163845 0.2986591 0.2789262 0.2596025 0.2407866 0.2226073 0.2052338 0.1888886 0.1738619 0.1574071 0.1407892 0.1198777 0.09955302 0.08026221 0.06296286 0.04977651 0.03148143 0.02226073 0.02226073 0 0 0 0.02226073 0.03148143 0.04977651 0.06296286 0.08026221 0.09955302 0.1198777 0.1407892 0.1605244 0.1425382 0.1259257 0.1113037 0.09178335 0.07039461 0.04977651 0.03148143 0.02226073 0 0.02226073 0.02226073 0.03148143 0.04977651 0.06296286 0.08026221 0.09178335 0.09955302 0.1113037 0.1259257 0.1425382 0.1574071 0.1738619 0.1888886 0.2052338 0.22037 0.2366348 0.2488825 0.2596025 0.2717268 0.2850765
0.3210489 0.3027787 0.2850765 0.2680547 0.2488825 0.2291883 0.2100073 0.1914941 0.1738619 0.1574071 0.1425382 0.1259257 0.1113037 0.09178335 0.07039461 0.04977651 0.03148143 0.02226073 0 0 0 0.02226073 0.02226073 0.03148143 0.04977651 0.06296286 0.08026221 0.09444429 0.1113037 0.1298013 0.1493295 0.1695327 0.1574071 0.1407892 0.1198777 0.09955302 0.08026221 0.06296286 0.04452146 0.02226073 0 0 0 0.02226073 0.03148143 0.04977651 0.06296286 0.07039461 0.08026221 0.09444429 0.1113037 0.1259257 0.1425382 0.1574071 0.1738619 0.1888886 0.2052338 0.2192428 0.2291883 0.2407866 0.2538114 0.2680547
0.309256 0.2902444 0.2717268 0.2538114 0.2366348 0.2192428 0.199106 0.1794718 0.1605244 0.1425382 0.1259257 0.1113037 0.09444429 0.08026221 0.06296286 0.04452146 0.02226073 0 0 0.02226073 0.02226073 0.03148143 0.04452146 0.04977651 0.06296286 0.08026221 0.09444429 0.1113037 0.1259257 0.1425382 0.1605244 0.1794718 0.1695327 0.1493295 0.1298013 0.1113037 0.09178335 0.07039461 0.04977651 0.03148143 0.02226073 0.02226073 0 0 0.02226073 0.03148143 0.04452146 0.04977651 0.06296286 0.08026221 0.09444429 0.1113037 0.1259257 0.1425382 0.1574071 0.1738619 0.1888886 0.199106 0.2100073 0.2226073 0.2366348 0.2518514
0.2986591 0.2789262 0.2596025 0.2407866 0.2226073 0.2052338 0.1888886 0.1695327 0.1493295 0.1298013 0.1113037 0.09444429 0.08026221 0.06296286 0.04977651 0.03148143 0.02226073 0 0.02226073 0.03148143 0.04452146 0.04977651 0.06296286 0.07039461 0.08026221 0.09444429 0.1113037 0.1259257 0.1425382 0.1574071 0.1738619 0.1914941 0.1794718 0.1605244 0.1407892 0.1198777 0.09955302 0.08026221 0.06296286 0.04977651 0.04452146 0.03148143 0.02226073 0 0 0.02226073 0.02226073 0.03148143 0.04977651 0.06296286 0.08026221 0.09444429 0.1113037 0.1259257 0.1425382 0.1574071 0.1695327 0.1794718 0.1914941 0.2052338 0.22037 0.2366348
0.2893895 0.2689774 0.2488825 0.2291883 0.2100073 0.1914941 0.1738619 0.1574071 0.1407892 0.1198777 0.09955302 0.08026221 0.06296286 0.04977651 0.03148143 0.02226073 0 0 0.02226073 0.04452146 0.06296286 0.07039461 0.08026221 0.09178335 0.09955302 0.1113037 0.1259257 0.1425382 0.1574071 0.1738619 0.1888886 0.2052338 0.1901958 0.1695327 0.1493295 0.1298013 0.1113037 0.09444429 0.08026221 0.07039461 0.06296286 0.04977651 0.03148143 0.02226073 0 0 0 0.02226073 0.03148143 0.04977651 0.06296286 0.08026221 0.09444429 0.1113037 0.1259257 0.1407892 0.1493295 0.1605244 0.1738619 0.1888886 0.2052338 0.22037
0.2789262 0.2605552 0.2397554 0.2192428 0.199106 0.1794718 0.1605244 0.1425382 0.1259257 0.1113037 0.09178335 0.07039461 0.04977651 0.03148143 0.02226073 0 0 0.02226073 0.03148143 0.04977651 0.07039461 0.09178335 0.09955302 0.1113037 0.1198777 0.1298013 0.1425382 0.1574071 0.1738619 0.1888886 0.2052338 0.2192428 0.199106 0.1794718 0.1605244 0.1425382 0.1259257 0.1113037 0.09955302 0.09178335 0.08026221 0.06296286 0.04977651 0.03148143 0.02226073 0.02226073 0 0 0.02226073 0.03148143 0.04977651 0.06296286 0.08026221 0.09444429 0.1113037 0.1198777 0.1298013 0.1425382 0.1574071 0.1738619 0.1888886 0.2052338
0.2596025 0.2488825 0.2324089 0.2111839 0.1901958 0.1695327 0.1493295 0.1298013 0.1113037 0.09444429 0.08026221 0.06296286 0.04452146 0.02226073 0 0 0.02226073 0.03148143 0.04977651 0.06296286 0.08026221 0.09955302 0.1198777 0.1298013 0.1407892 0.1493295 0.1605244 0.1738619 0.1888886 0.2052338 0.22037 0.2291883 0.2100073 0.1914941 0.1738619 0.1574071 0.1425382 0.1298013 0.1198777 0.1113037 0.09444429 0.08026221 0.06296286 0.04977651 0.04452146 0.03148143 0.02226073 0 0 0.02226073 0.03148143 0.04977651 0.06296286 0.08026221 0.09178335 0.09955302 0.1113037 0.1259257 0.1425382 0.1574071 0.1738619 0.1888886
0.2407866 0.2291883 0.2192428 0.2052338 0.1835667 0.1620606 0.1407892 0.1198777 0.09955302 0.08026221 0.06296286 0.04977651 0.03148143 0.02226073 0 0.02226073 0.03148143 0.04977651 0.06296286 0.08026221 0.09444429 0.1113037 0.1298013 0.1493295 0.1605244 0.1695327 0.1794718 0.1914941 0.2052338 0.22037 0.2366348 0.2407866 0.2226073 0.2052338 0.1888886 0.1738619 0.1605244 0.1493295 0.1407892 0.1259257 0.1113037 0.09444429 0.08026221 0.07039461 0.06296286 0.04977651 0.03148143 0.02226073 0 0 0.02226073 0.03148143 0.04977651 0.06296286 0.07039461 0.08026221 0.09444429 0.1113037 0.1259257 0.1425382 0.1574071 0.1738619
0.2226073 0.2100073 0.199106 0.1888886 0.1738619 0.1574071 0.1354067 0.1135079 0.09178335 0.07039461 0.04977651 0.03148143 0.02226073 0 0 0.02226073 0.04452146 0.06296286 0.08026221 0.09444429 0.1113037 0.1259257 0.1425382 0.1605244 0.1794718 0.1901958 0.199106 0.2100073 0.2226073 0.2366348 0.2518514 0.2538114 0.2366348 0.22037 0.2052338 0.1914941 0.1794718 0.1695327 0.1574071 0.1425382 0.1259257 0.1113037 0.09955302 0.09178335 0.08026221 0.06296286 0.04977651 0.03148143 0.02226073 0 0 0.02226073 0.03148143 0.04452146 0.04977651 0.06296286 0.08026221 0.09444429 0.1113037 0.1259257 0.1425382 0.1574071
0.2052338 0.1914941 0.1794718 0.1695327 0.1574071 0.1425382 0.1259257 0.1113037 0.08904292 0.0667822 0.04452146 0.02226073 0 0 0.02226073 0.03148143 0.04977651 0.07039461 0.09178335 0.1113037 0.1259257 0.1425382 0.1574071 0.1738619 0.1914941 0.2100073 0.2192428 0.2291883 0.2407866 0.2538114 0.2680547 0.2680547 0.2518514 0.2366348 0.2226073 0.2100073 0.199106 0.1888886 0.1738619 0.1574071 0.1425382 0.1298013 0.1198777 0.1113037 0.09444429 0.08026221 0.06296286 0.04977651 0.03148143 0.02226073 0 0 0.02226073 0.02226073 0.03148143 0.04977651 0.06296286 0.08026221 0.09444429 0.1113037 0.1259257 0.1425382
0.1888886 0.1738619 0.1605244 0.1493295 0.1407892 0.1259257 0.1113037 0.09444429 0.08026221 0.06296286 0.04452146 0.02226073 0 0.02226073 0.03148143 0.04977651 0.06296286 0.08026221 0.09955302 0.1198777 0.1407892 0.1574071 0.1738619 0.1888886 0.2052338 0.2226073 0.2397554 0.2488825 0.2596025 0.2717268 0.2850765 0.2833329 0.2680547 0.2538114 0.2407866 0.2291883 0.2192428 0.2052338 0.1888886 0.1738619 0.1605244 0.1493295 0.1407892 0.1259257 0.1113037 0.09444429 0.08026221 0.06296286 0.04977651 0.03148143 0.02226073 0 0 0 0.02226073 0.03148143 0.04977651 0.06296286 0.08026221 0.09444429 0.1113037 0.1259257
0.1695327 0.1574071 0.1425382 0.1298013 0.1198777 0.1113037 0.09444429 0.08026221 0.06296286 0.04977651 0.03148143 0.02226073 0 0.02226073 0.04452146 0.06296286 0.08026221 0.09444429 0.1113037 0.1298013 0.1493295 0.1695327 0.1888886 0.2052338 0.22037 0.2366348 0.2538114 0.2689774 0.2789262 0.2902444 0.3027787 0.2994875 0.2850765 0.2717268 0.2596025 0.2488825 0.2366348 0.22037 0.2052338 0.1914941 0.1794718 0.1695327 0.1574071 0.1425382 0.1259257 0.1113037 0.09444429 0.08026221 0.06296286 0.04977651 0.03148143 0.02226073 0.02226073 0 0 0.02226073 0.03148143 0.04977651 0.06296286 0.08026221 0.09444429 0.1113037
0.1493295 0.1407892 0.1259257 0.1113037 0.09955302 0.09178335 0.08026221 0.06296286 0.04977651 0.03148143 0.02226073 0 0 0.02226073 0.04452146 0.0667822 0.08904292 0.1113037 0.1259257 0.1425382 0.1605244 0.1794718 0.199106 0.2192428 0.2366348 0.2518514 0.2680547 0.2850765 0.2986591 0.309256 0.3210489 0.3163845 0.3027787 0.2902444 0.2789262 0.2680547 0.2518514 0.2366348 0.2226073 0.2100073 0.199106 0.1888886 0.1738619 0.1574071 0.1425382 0.1259257 0.1113037 0.09444429 0.08026221 0.06296286 0.04977651 0.03148143 0.02226073 0 0 0 0.02226073 0.03148143 0.04977651 0.06296286 0.08026221 0.09178335
0.1298013 0.1198777 0.1113037 0.09444429 0.08026221 0.07039461 0.06296286 0.04977651 0.03148143 0.02226073 0 0 0.02226073 0.03148143 0.04977651 0.07039461 0.09178335 0.1135079 0.1354067 0.1574071 0.1738619 0.1914941 0.2100073 0.2291883 0.2488825 0.2680547 0.2833329 0.2994875 0.3163845 0.3286758 0.3397953 0.333911 0.3210489 0.309256 0.2986591 0.2833329 0.2680547 0.2538114 0.2407866 0.2291883 0.2100073 0.1914941 0.1738619 0.1574071 0.1425382 0.1259257 0.1113037 0.09178335 0.07039461 0.04977651 0.03148143 0.02226073 0 0 0.02226073 0 0 0.02226073 0.03148143 0.04977651 0.06296286 0.07039461
0.1113037 0.09955302 0.09178335 0.08026221 0.06296286 0.04977651 0.04452146 0.03148143 0.02226073 0 0 0.02226073 0.03148143 0.04977651 0.06296286 0.08026221 0.09955302 0.1198777 0.1407892 0.1620606 0.1835667 0.2052338 0.2226073 0.2407866 0.2596025 0.2789262 0.2986591 0.3148143 0.3309296 0.3477238 0.3589435 0.3519731 0.3397953 0.3286758 0.309256 0.2902444 0.2717268 0.2538114 0.2366348 0.2192428 0.199106 0.1794718 0.1605244 0.1425382 0.1259257 0.1113037 0.09444429 0.08026221 0.06296286 0.04452146 0.02226073 0 0 0.02226073 0.03148143 0.02226073 0 0 0.02226073 0.03148143 0.04452146 0.04977651
0.09178335 0.08026221 0.07039461 0.06296286 0.04977651 0.03148143 0.02226073 0.02226073 0 0 0.02226073 0.03148143 0.04977651 0.06296286 0.08026221 0.09444429 0.1113037 0.1298013 0.1493295 0.1695327 0.1901958 0.2111839 0.2324089 0.2538114 0.2717268 0.2902444 0.309256 0.3286758 0.3462957 0.3623785 0.3784325 0.3596331 0.3390654 0.3187252 0.2986591 0.2789262 0.2596025 0.2407866 0.2226073 0.2052338 0.1888886 0.1695327 0.1493295 0.1298013 0.1113037 0.09444429 0.08026221 0.06296286 0.04977651 0.03148143 0.02226073 0 0.02226073 0.03148143 0.04977651 0.03148143 0.02226073 0 0 0.02226073 0.02226073 0.03148143
0.07039461 0.06296286 0.04977651 0.04452146 0.03148143 0.02226073 0 0 0 0.02226073 0.03148143 0.04977651 0.06296286 0.08026221 0.09444429 0.1113037 0.1259257 0.1425382 0.1605244 0.1794718 0.199106 0.2192428 0.2397554 0.2605552 0.2815785 0.3027787 0.3210489 0.3397953 0.3589435 0.3777772 0.3731579 0.3519731 0.3309296 0.3100561 0.2893895 0.2689774 0.2488825 0.2291883 0.2100073 0.1914941 0.1738619 0.1574071 0.1407892 0.1198777 0.09955302 0.08026221 0.06296286 0.04977651 0.03148143 0.02226073 0 0 0.02226073 0.04452146 0.06296286 0.04977651 0.03148143 0.02226073 0 0 0 0.02226073
0.04977651 0.04452146 0.03148143 0.02226073 0.02226073 0 0 0.02226073 0.02226073 0.03148143 0.04977651 0.06296286 0.08026221 0.09444429 0.1113037 0.1259257 0.1425382 0.1574071 0.1738619 0.1914941 0.2100073 0.2291883 0.2488825 0.2689774 0.2893895 0.3100561 0.3309296 0.3519731 0.3704924 0.388767 0.3671334 0.3455795 0.3241211 0.3027787 0.2815785 0.2605552 0.2397554 0.2192428 0.199106 0.1794718 0.1605244 0.1425382 0.1259257 0.1113037 0.09178335 0.07039461 0.04977651 0.03148143 0.02226073 0 0 0.02226073 0.03148143 0.04977651 0.07039461 0.06296286 0.04977651 0.03148143 0.02226073 0.02226073 0 0
0.03148143 0.02226073 0.02226073 0 0 0 0.02226073 0.03148143 0.04452146 0.04977651 0.06296286 0.08026221 0.09444429 0.1113037 0.1259257 0.1425382 0.1574071 0.1738619 0.1888886 0.2052338 0.2226073 0.2407866 0.2596025 0.2789262 0.2986591 0.3187252 0.3390654 0.3596331 0.3731579 0.3803916 0.3596331 0.3390654 0.3187252 0.2969952 0.27535 0.2538114 0.2324089 0.2111839 0.1901958 0.1695327 0.1493295 0.1298013 0.1113037 0.09444429 0.08026221 0.06296286 0.04452146 0.02226073 0 0 0.02226073 0.03148143 0.04977651 0.06296286 0.08026221 0.08026221 0.06296286 0.04977651 0.04452146 0.03148143 0.02226073 0
0.02226073 0 0 0 0 0.02226073 0.03148143 0.04977651 0.06296286 0.07039461 0.08026221 0.09444429 0.1113037 0.1259257 0.1425382 0.1574071 0.1738619 0.1888886 0.2052338 0.22037 0.2366348 0.2538114 0.2717268 0.2902444 0.309256 0.3286758 0.3390654 0.3455795 0.3519731 0.3589435 0.3519731 0.3309296 0.3100561 0.2893895 0.2689774 0.2488825 0.2270158 0.2052338 0.1835667 0.1620606 0.1407892 0.1198777 0.09955302 0.08026221 0.06296286 0.04977651 0.03148143 0.02226073 0 0.02226073 0.03148143 0.04977651 0.06296286 0.08026221 0.09444429 0.09444429 0.08026221 0.07039461 0.06296286 0.04977651 0.03148143 0.02226073
0 0 0.02226073 0.02226073 0.02226073 0.03148143 0.04977651 0.06296286 0.08026221 0.09178335 0.09955302 0.1113037 0.1259257 0.1425382 0.1574071 0.1738619 0.1888886 0.2052338 0.22037 0.2366348 0.2518514 0.2680547 0.2789262 0.2893895 0.2986591 0.309256 0.3187252 0.3241211 0.3309296 0.336866 0.3405237 0.3241211 0.3027787 0.2815785 0.2605552 0.2397554 0.2192428 0.199106 0.1794718 0.1574071 0.1354067 0.1135079 0.09178335 0.07039461 0.04977651 0.03148143 0.02226073 0 0 0.02226073 0.04452146 0.06296286 0.08026221 0.09444429 0.1113037 0.1113037 0.09955302 0.09178335 0.08026221 0.06296286 0.04977651 0.04452146
0 0.02226073 0.03148143 0.04452146 0.04452146 0.04977651 0.06296286 0.08026221 0.09444429 0.1113037 0.1198777 0.1298013 0.1425382 0.1574071 0.1738619 0.1888886 0.2052338 0.22037 0.2270158 0.2324089 0.2397554 0.2488825 0.2596025 0.2689774 0.2789262 0.2893895 0.2969952 0.3027787 0.3100561 0.3148143 0.3187252 0.3187252 0.2969952 0.27535 0.2538114 0.2324089 0.2111839 0.1901958 0.1695327 0.1493295 0.1298013 0.1113037 0.08904292 0.0667822 0.04452146 0.02226073 0 0 0.02226073 0.03148143 0.04977651 0.07039461 0.09178335 0.1113037 0.1259257 0.1298013 0.1198777 0.1113037 0.09444429 0.08026221 0.07039461 0.06296286
0.02226073 0.03148143 0.04977651 0.06296286 0.0667822 0.07039461 0.08026221 0.09444429 0.1113037 0.1259257 0.1407892 0.1493295 0.1605244 0.1738619 0.1835667 0.1901958 0.199106 0.2015795 0.2052338 0.2111839 0.2192428 0.2291883 0.2397554 0.2488825 0.2596025 0.2689774 0.27535 0.2815785 0.2893895 0.2927942 0.2969952 0.3027787 0.2927942 0.2708135 0.2488825 0.2270158 0.2052338 0.1835667 0.1620606 0.1407892 0.1198777 0.09955302 0.08026221 0.06296286 0.04452146 0.02226073 0 0.02226073 0.03148143 0.04977651 0.06296286 0.08026221 0.09178335 0.09955302 0.1113037 0.1259257 0.1407892 0.1259257 0.1113037 0.09955302 0.09178335 0.08026221
0.03148143 0.04977651 0.06296286 0.08026221 0.08904292 0.09178335 0.09955302 0.1113037 0.1259257 0.1354067 0.1407892 0.1493295 0.1558251 0.1574071 0.1620606 0.1695327 0.1780858 0.1794718 0.1835667 0.1901958 0.199106 0.2100073 0.2192428 0.2291883 0.2397554 0.2488825 0.2538114 0.2605552 0.2680547 0.2708135 0.27535 0.2815785 0.2893895 0.2680547 0.2458778 0.2237176 0.2015795 0.1794718 0.1574071 0.1354067 0.1135079 0.09178335 0.07039461 0.04977651 0.03148143 0.02226073 0 0.02226073 0.04452146 0.04977651 0.06296286 0.0667822 0.07039461 0.08026221 0.09444429 0.1113037 0.1198777 0.1298013 0.1298013 0.1198777 0.1113037 0.09444429
0.04977651 0.06296286 0.08026221 0.08904292 0.08904292 0.09178335 0.09955302 0.1113037 0.1113037 0.1135079 0.1198777 0.1298013 0.1335644 0.1354067 0.1407892 0.1493295 0.1558251 0.1574071 0.1620606 0.1695327 0.1794718 0.1901958 0.199106 0.2100073 0.2192428 0.2270158 0.2324089 0.2397554 0.2458778 0.2488825 0.2538114 0.2605552 0.2680547 0.2596025 0.2407866 0.2226073 0.2003466 0.1780858 0.1558251 0.1335644 0.1113037 0.08904292 0.0667822 0.04452146 0.02226073 0 0 0.02226073 0.02226073 0.03148143 0.04452146 0.04452146 0.04977651 0.06296286 0.08026221 0.09178335 0.09955302 0.1113037 0.1113037 0.1113037 0.1113037 0.1113037
0.04452146 0.04977651 0.06296286 0.0667822 0.0667822 0.07039461 0.08026221 0.08904292 0.08904292 0.09178335 0.09955302 0.1113037 0.1113037 0.1135079 0.1198777 0.1298013 0.1335644 0.1354067 0.1407892 0.1493295 0.1605244 0.1695327 0.1794718 0.1901958 0.199106 0.2052338 0.2111839 0.2192428 0.2237176 0.2270158 0.2324089 0.2397554 0.2458778 0.2488825 0.2291883 0.2100073 0.1914941 0.1738619 0.1558251 0.1335644 0.1113037 0.08904292 0.0667822 0.04452146 0.02226073 0 0.02226073 0.02226073 0 0.02226073 0.02226073 0.02226073 0.03148143 0.04977651 0.06296286 0.07039461 0.08026221 0.08904292 0.08904292 0.08904292 0.08904292 0.08904292
